4.076463347300887108e-01
3.404730386246228591e-01
4.650262480136007071e-01
3.480555190471932292e-01
3.534544953436125070e-01
4.593008623924106359e-01
4.808480272768065333e-01
6.510245356475934386e-01
2.961548224557191133e-01
4.663626371184363961e-01
3.383607106225099415e-01
3.434950358932837844e-01
3.942596716224215925e-01
3.734454176155850291e-01
4.830053232144564390e-01
4.973551984876394272e-01
3.472340387525036931e-01
4.911804238799959421e-01
3.380624611163511872e-01
3.774408226599916816e-01
4.649101967224851251e-01
2.513327944325283170e-01
4.720452041365206242e-01
4.444644428440369666e-01
3.875352750765159726e-01
4.571996105369180441e-01
3.605635522399097681e-01
5.298553621396422386e-01
3.481901359045878053e-01
4.110936137149110436e-01
4.305361741571687162e-01
4.771249137120321393e-01
3.901667136815376580e-01
4.658035283209756017e-01
3.850243031047284603e-01
4.493278283625841141e-01
2.906423761742189527e-01
4.352901922538876534e-01
4.611069479724392295e-01
3.686832264065742493e-01
5.435506188077852130e-01
3.084410374285653234e-01
4.687042084988206625e-01
4.566604011342860758e-01
2.727983868098817766e-01
4.628373739542439580e-01
4.051391179673373699e-01
4.477586208377033472e-01
4.300375779275782406e-01
3.279737964621745050e-01
4.903664879966527224e-01
5.451047045644372702e-01
3.097505025216378272e-01
5.045795715413987637e-01
2.776906735671218485e-01
4.283075093990191817e-01
3.371727335616014898e-01
3.425145631772466004e-01
4.699648823589086533e-01
4.167638498474843800e-01
4.476406899048015475e-01
3.900795180816203356e-01
4.056183983338996768e-01
4.767054410185664892e-01
2.995976233505643904e-01
4.269438647897914052e-01
4.677036429056897759e-01
4.219322712160646915e-01
3.587691073189489543e-01
4.468568740412592888e-01
3.721607372863218188e-01
3.893618530128151178e-01
4.541709822369739413e-01
2.360464550147298723e-01
4.660373750375583768e-01
5.806857574498280883e-01
4.016521862940862775e-01
4.613270888803526759e-01
3.379594559082761407e-01
4.500434697838500142e-01
5.365555286407470703e-01
3.351591342361643910e-01
4.155423840857110918e-01
5.234796082368120551e-01
2.398683999781496823e-01
4.718353183707222342e-01
3.217473417171277106e-01
3.438667133450508118e-01
3.624356027867179364e-01
4.015500420937314630e-01
3.964940957957878709e-01
4.154763668193481863e-01
3.462022396270185709e-01
4.603786513907834888e-01
5.687896392773836851e-01
3.708991729654371738e-01
3.861904703080654144e-01
4.006754371803253889e-01
4.155339814024046063e-01
4.811819419264793396e-01
3.845844885800033808e-01
4.028090819483622909e-01
5.453307742718607187e-01
5.804782448103651404e-01
3.294650891330093145e-01
4.891972967889159918e-01
2.832707894849590957e-01
4.636825236957520247e-01
4.357678116066381335e-01
2.706967766571324319e-01
4.166954237734898925e-01
5.813759241718798876e-01
3.330555390566587448e-01
3.784611872397363186e-01
3.283886930439621210e-01
3.327146129449829459e-01
5.116955810226500034e-01
3.344223669846542180e-01
5.175971164135262370e-01
5.211419062688946724e-01
3.288184978882782161e-01
4.121268580202013254e-01
4.365912169450893998e-01
3.722094013355672359e-01
3.017331785522401333e-01
5.533113254932686687e-01
4.465302775497548282e-01
4.982523893704637885e-01
4.028285278473049402e-01
4.872566936537623405e-01
4.072557199979200959e-01
5.363925427664071321e-01
3.591470657847821712e-01
3.656624258728697896e-01
3.725217293249443173e-01
4.638643095968291163e-01
3.263250460149720311e-01
4.513628841377794743e-01
3.266282228287309408e-01
3.674219553358852863e-01
4.312386430246988311e-01
2.769755005137994885e-01
5.401118608424440026e-01
6.307958321413025260e-01
2.740019509801641107e-01
4.408510359935462475e-01
3.241125478525646031e-01
3.018341392162255943e-01
3.849707432091236115e-01
4.209181247279047966e-01
5.037852448876947165e-01
4.832034830469638109e-01
4.050846074242144823e-01
3.505809658672660589e-01
4.511149668833240867e-01
3.772067517857067287e-01
3.980828137136995792e-01
4.460299151251092553e-01
4.570169649668969214e-01
5.019733166554942727e-01
