1.843595372047275305e-01
1.751460109371691942e-01
3.579121299553662539e-01
7.095509421997121535e-01
6.752570553217083216e-01
1.746858165133744478e-01
1.796561770606786013e-01
1.767995122354477644e-01
1.930180543567985296e-01
1.746196707244962454e-01
6.952502203639596701e-01
6.375544734764844179e-01
6.987467049621045589e-01
2.074819123372435570e-01
2.295494582504034042e-01
1.758025453891605139e-01
1.972954655066132545e-01
2.338261601980775595e-01
1.761295041069388390e-01
2.327235536649823189e-01
1.751918434165418148e-01
2.562841537874191999e-01
6.849546327721327543e-01
1.898617991246283054e-01
6.907979787793010473e-01
6.843594748061150312e-01
4.451015410013496876e-01
1.989126657135784626e-01
2.135009947232902050e-01
6.344896827358752489e-01
1.760178522672504187e-01
5.496500527951866388e-01
4.352577615063637495e-01
5.394281661137938499e-01
1.746554595883935690e-01
1.978556232061237097e-01
2.851527312304824591e-01
2.102472889237105846e-01
1.800114980433136225e-01
6.883921644184738398e-01
1.758710504509508610e-01
1.761640112381428480e-01
6.948734398465603590e-01
2.256873073056340218e-01
3.801092591602355242e-01
7.016919276211410761e-01
2.045421267393976450e-01
6.738183302804827690e-01
2.886588727124035358e-01
6.582854363659862429e-01
1.751049470622092485e-01
4.734807652421295643e-01
1.926805388648062944e-01
1.976841208525002003e-01
6.753749637864530087e-01
2.271959213539958000e-01
1.771932221017777920e-01
6.341122922021895647e-01
5.863777750637382269e-01
1.937002248596400023e-01
1.759955736342817545e-01
1.779531051870435476e-01
1.756079131737351418e-01
1.734242429956793785e-01
1.758231718558818102e-01
6.322556107770651579e-01
1.765879197046160698e-01
6.677911133738234639e-01
1.748011524323374033e-01
1.806060858070850372e-01
1.837581610307097435e-01
1.795148504897952080e-01
1.746352212503552437e-01
2.311795346904546022e-01
2.566014847252517939e-01
6.888574555050581694e-01
6.984863320831209421e-01
1.776038862299174070e-01
4.734515328891575336e-01
1.780014622490853071e-01
1.804719506762921810e-01
6.820205531548708677e-01
1.752262285444885492e-01
1.757087237201631069e-01
3.480358095839619637e-01
6.427348898942000233e-01
2.771458693314343691e-01
1.808324749581515789e-01
1.806456018239259720e-01
6.991078729042783380e-01
4.712643763050436974e-01
3.029320044443011284e-01
2.080949363298714161e-01
2.246031297836452723e-01
1.807228859979659319e-01
1.768222085665911436e-01
7.106128665036521852e-01
2.455346926581114531e-01
1.823205673135817051e-01
6.222780102398246527e-01
1.794906717259436846e-01
5.700870042201131582e-01
6.466288588562747464e-01
1.873497692868113518e-01
6.862050944473594427e-01
1.755502023734152317e-01
1.762128318659961224e-01
6.042958744801580906e-01
1.766978569794446230e-01
6.674109915038570762e-01
6.530245907779317349e-01
1.797692547552287579e-01
1.753921788185834885e-01
2.053709814790636301e-01
2.671644017100334167e-01
4.534882956650108099e-01
1.776686389930546284e-01
1.892157837282866240e-01
2.367886623833328485e-01
1.746066245250403881e-01
1.771143437363207340e-01
1.778129150625318289e-01
4.949207897298038006e-01
1.776874100323766470e-01
4.523454550653696060e-01
2.237450540997087955e-01
2.121776742860674858e-01
2.311466641258448362e-01
6.252059428952634335e-01
1.918858364224433899e-01
7.018039908725768328e-01
7.016437458805739880e-01
3.525072338525205851e-01
1.752574022393673658e-01
1.767143579199910164e-01
6.033067221287637949e-01
6.802765077445656061e-01
2.344721260014921427e-01
1.752019990235567093e-01
2.105111437849700451e-01
1.776969437487423420e-01
2.117704229895025492e-01
1.972752630244940519e-01
1.820799887645989656e-01
2.103392949793487787e-01
1.846041721291840076e-01
1.813201145268976688e-01
1.765470895916223526e-01
1.774129357654601336e-01
1.880761364009231329e-01
2.409895779564976692e-01
1.834100503474473953e-01
4.390519249718636274e-01
1.778169998433440924e-01
1.777294874191284180e-01
1.794036547653377056e-01
1.938782862853258848e-01
1.780070422682911158e-01
2.260005376301705837e-01
6.678651658003218472e-01
5.935475737787783146e-01
2.013636261690407991e-01
1.753388396464288235e-01
6.858657693956047297e-01
3.449764016550034285e-01
1.988350136671215296e-01
6.665179786505177617e-01
5.920290355570614338e-01
2.129081960301846266e-01
7.024631857057102025e-01
1.759835237171500921e-01
1.797165430616587400e-01
6.494830941082909703e-01
7.095455836679320782e-01
1.763324800413101912e-01
1.779742266517132521e-01
1.737017596606165171e-01
1.813035639934241772e-01
2.443953410256654024e-01
1.797976049128919840e-01
1.776811603922396898e-01
3.294023559428751469e-01
3.860121201723814011e-01
1.771459614392369986e-01
6.570361492340452969e-01
6.987533895298838615e-01
1.771440387237817049e-01
2.339673219248652458e-01
6.117369069252163172e-01
1.837292909622192383e-01
1.745768631808459759e-01
4.349699718877673149e-01
2.533280730713158846e-01
5.488175426144152880e-01
1.767638737801462412e-01
6.772755031706765294e-01
6.333137634210288525e-01
1.760214501991868019e-01
1.880360001232475042e-01
1.871938013937324286e-01
1.745648402720689774e-01
1.780599404592067003e-01
4.958708349149674177e-01
1.783627278637140989e-01
1.791574503295123577e-01
1.773637547157704830e-01
1.811252085026353598e-01
1.776145375333726406e-01
1.793092496227473021e-01
1.846431377343833447e-01
6.383504463592544198e-01
1.853670147247612476e-01
1.783844155725091696e-01
6.503672854742035270e-01
1.760460780933499336e-01
2.735262694768607616e-01
1.777709822636097670e-01
1.774936139117926359e-01
1.937512168660759926e-01
2.130372570827603340e-01
2.015180510934442282e-01
1.939264424145221710e-01
6.976972490083426237e-01
4.743384129833430052e-01
1.741992419119924307e-01
1.903281616978347301e-01
1.771994996815919876e-01
1.901725234929472208e-01
5.117164677940309048e-01
6.161966335494071245e-01
1.820197894703596830e-01
2.432227772660553455e-01
6.513317511416971684e-01
3.430117405951023102e-01
3.346999613568186760e-01
6.907540298998355865e-01
7.022980689071118832e-01
1.974925689864903688e-01
1.820095363073050976e-01
1.776120937429368496e-01
5.833898917771875858e-01
6.134386197663843632e-01
6.793273980729281902e-01
1.765271339099854231e-01
4.737523528747260571e-01
5.125277617480605841e-01
1.783800111152231693e-01
1.747217036318033934e-01
1.820250421296805143e-01
1.742914156056940556e-01
1.897410710807889700e-01
2.854946127627044916e-01
2.115451588761061430e-01
2.520056325010955334e-01
2.014227332547307014e-01
6.055887015536427498e-01
1.873760058078914881e-01
1.768572265282273293e-01
6.717853423760971054e-01
1.887594750151038170e-01
2.477726622018963099e-01
1.785608509089797735e-01
2.483730064705014229e-01
1.776935285888612270e-01
2.161333735566586256e-01
2.589583245571702719e-01
1.736416881904006004e-01
4.987186677753925323e-01
2.911749829072505236e-01
6.943413147237151861e-01
1.749864297453314066e-01
1.742471554316580296e-01
1.751655994448810816e-01
4.023424691986292601e-01
1.866533725988119841e-01
2.287114609498530626e-01
1.762721184641122818e-01
2.717147194780409336e-01
1.755481460131704807e-01
1.811471250839531422e-01
1.752383832354098558e-01
1.806261804886162281e-01
5.308668874204158783e-01
4.247144160326570272e-01
1.770325945690274239e-01
1.764558292925357819e-01
1.762458600569516420e-01
5.953126468230038881e-01
1.765312759671360254e-01
3.312339100521057844e-01
1.785867600701749325e-01
6.876496933400630951e-01
1.767667881213128567e-01
1.816745644900947809e-01
6.898786344099789858e-01
1.806359803304076195e-01
1.765168579295277596e-01
4.396189057733863592e-01
3.387006113771349192e-01
2.987444452010095119e-01
1.930794070940464735e-01
1.788833618629723787e-01
5.737718993332237005e-01
6.252583954483270645e-01
3.215080050285905600e-01
1.766125399153679609e-01
6.336334994994103909e-01
6.143694925121963024e-01
1.766237749252468348e-01
1.750982177909463644e-01
1.733216822613030672e-01
1.762174745090305805e-01
3.605274716392159462e-01
6.548019729671068490e-01
4.557779741007834673e-01
1.814531197305768728e-01
6.626881918055005372e-01
1.752125856000930071e-01
1.846799619961529970e-01
2.088519406970590353e-01
4.367246965412050486e-01
1.785873298067599535e-01
3.874978767707943916e-01
6.437276092474348843e-01
3.724051786120980978e-01
4.465842975769191980e-01
1.911800790112465620e-01
6.959087799768894911e-01
1.768859031144529581e-01
7.008433223236352205e-01
1.922225160524249077e-01
1.804976551793515682e-01
6.747432628180831671e-01
4.613160211592912674e-01
1.760372330900281668e-01
5.500919807236641645e-01
1.770618446171283722e-01
1.869870575610548258e-01
1.772805310320109129e-01
2.238920698873698711e-01
1.832286322023719549e-01
1.799478307366371155e-01
3.674522812943905592e-01
6.771480187308043242e-01
1.765600666403770447e-01
2.690896170679479837e-01
5.346532880794256926e-01
1.743404278531670570e-01
6.764521736185997725e-01
1.980592643376439810e-01
2.450695282313972712e-01
1.743615441955626011e-01
4.976905025541782379e-01
3.694568660575896502e-01
1.914141036104410887e-01
1.994195107836276293e-01
6.975208614021539688e-01
6.238673920743167400e-01
1.818459038622677326e-01
1.791558722034096718e-01
3.289593360386788845e-01
1.827547615393996239e-01
6.846025516279041767e-01
1.954051745124161243e-01
5.233694470953196287e-01
1.880061409901827574e-01
3.361175481695681810e-01
1.752177623566240072e-01
2.666697183158248663e-01
6.225081079173833132e-01
1.751734060235321522e-01
1.867083525285124779e-01
1.837967252358794212e-01
5.923762635793536901e-01
5.249929660931229591e-01
6.810067289043217897e-01
6.880268249660730362e-01
5.634318473748862743e-01
7.082537410751683637e-01
1.756573936436325312e-01
6.861199724953621626e-01
1.749091916717588902e-01
1.766527516301721334e-01
1.738581547979265451e-01
3.402087674476206303e-01
1.796523137018084526e-01
1.762551171705126762e-01
1.872530404943972826e-01
1.790659693069756031e-01
6.689754994586110115e-01
1.764706466346979141e-01
1.732701226137578487e-01
6.876813189592212439e-01
6.919618099927902222e-01
1.797514497302472591e-01
1.749471139628440142e-01
1.764594898559153080e-01
6.290422645397484303e-01
6.919697623234242201e-01
5.394785418175160885e-01
7.070491549093276262e-01
1.749807829037308693e-01
2.836572492960840464e-01
1.767049459740519524e-01
4.383849320001900196e-01
1.737454191315919161e-01
1.825692600104957819e-01
1.763906346168369055e-01
1.769913474563509226e-01
3.238554154522716999e-01
7.125526808886206709e-01
6.925326469354331493e-01
2.300693201832473278e-01
2.199008250609040260e-01
2.909101082477718592e-01
2.043432723730802536e-01
1.769879478961229324e-01
7.080291162128560245e-01
1.809592016506940126e-01
1.954940469004213810e-01
2.396023387555032969e-01
1.879351164679974318e-01
1.765970042906701565e-01
2.515854299999773502e-01
2.088561165146529675e-01
5.408873478882014751e-01
1.817600603681057692e-01
6.983265444869175553e-01
5.796008838806301355e-01
7.029453423456288874e-01
5.550062630791217089e-01
1.764125777408480644e-01
2.360016210004687309e-01
7.012496187817305326e-01
2.053376380354166031e-01
6.898510807659476995e-01
1.801889257039874792e-01
2.026081543881446123e-01
6.046045545954257250e-01
3.339570634998381138e-01
3.651953593362122774e-01
4.870937308296561241e-01
1.767995411064475775e-01
2.266662181355059147e-01
1.751865150872617960e-01
5.063789088744670153e-01
2.170942081138491631e-01
2.885772283188998699e-01
2.477069131564348936e-01
1.760495291091501713e-01
1.763182615395635366e-01
1.924479689914733171e-01
3.645342064555734396e-01
1.836689726915210485e-01
2.984379688277840614e-01
1.844016481190919876e-01
1.768262423574924469e-01
1.911310364957898855e-01
1.773152151145040989e-01
1.792831229977309704e-01
6.410987838171422482e-01
2.205680536571890116e-01
1.787962161470204592e-01
1.777656807098537683e-01
2.278266404755413532e-01
2.024314010050147772e-01
3.921337262727320194e-01
1.775188844185322523e-01
2.413785059470683336e-01
1.733276469167321920e-01
1.812061571981757879e-01
1.784051118884235620e-01
1.753796280827373266e-01
6.063720546662807465e-01
6.902234093286097050e-01
3.423343822360038757e-01
3.048284479882568121e-01
2.120060045272111893e-01
2.855236132163554430e-01
2.047751522623002529e-01
1.937387813813984394e-01
6.859874741639941931e-01
1.770935871172696352e-01
1.821894161403179169e-01
1.769386900123208761e-01
2.138437586836516857e-01
1.770562471356242895e-01
5.350786324124783278e-01
1.763648239430040121e-01
1.778480077628046274e-01
1.862624173518270254e-01
1.735778797883540392e-01
6.913369409739971161e-01
6.093126784544438124e-01
1.808388757053762674e-01
1.930613424628973007e-01
4.410721557214856148e-01
6.612782201846130192e-01
1.746744210831820965e-01
1.753937338944524527e-01
3.252586573362350464e-01
2.108132219873368740e-01
1.789226259570568800e-01
4.555021540727466345e-01
1.921999556943774223e-01
4.512354382313787937e-01
3.872801661491394043e-01
1.763507577124983072e-01
1.769049311988055706e-01
5.475754782091826200e-01
5.964869665913283825e-01
2.132215197198092937e-01
4.052701056934893131e-01
5.924952363129705191e-01
2.425571696367114782e-01
6.240427531301975250e-01
1.815829349216073751e-01
2.344599412754178047e-01
7.008619869593530893e-01
1.835486181080341339e-01
1.738864732906222343e-01
6.615374728571623564e-01
5.906375374179333448e-01
1.866740093100816011e-01
1.974235405214130878e-01
5.085901615675538778e-01
1.758208659011870623e-01
4.361188476905226707e-01
1.770671941339969635e-01
1.803884049877524376e-01
6.782291570561937988e-01
2.000108896754682064e-01
5.474705724045634270e-01
3.374231099151074886e-01
1.796250124461948872e-01
5.106498773675411940e-01
6.560997596243396401e-01
5.080199227668344975e-01
3.555853536818176508e-01
5.196683746762573719e-01
4.747105787973850965e-01
2.863423016387969255e-01
6.980230981716886163e-01
2.155208173207938671e-01
4.680544971488416195e-01
4.181476591620594263e-01
1.775062056258320808e-01
2.493176711723208427e-01
6.187898570206016302e-01
2.640780154615640640e-01
1.781680453568696976e-01
3.053799215704202652e-01
1.951441075652837753e-01
3.493470156099647284e-01
1.792018190026283264e-01
6.530153790372423828e-01
7.007768899202346802e-01
5.318937089759856462e-01
6.742656917776912451e-01
6.299053563270717859e-01
2.261803837027400732e-01
1.881108130328357220e-01
4.585058232769370079e-01
1.735814670100808144e-01
3.854213240556418896e-01
2.598247027490288019e-01
3.887665090151131153e-01
1.767315336037427187e-01
1.796911139972507954e-01
2.620158062782138586e-01
1.779095018282532692e-01
6.373502782662399113e-01
1.808463055640459061e-01
3.124082738067954779e-01
2.633771013934165239e-01
6.798882919829338789e-01
6.739039252861402929e-01
3.411243362352252007e-01
6.148207322694361210e-01
1.930647627450525761e-01
1.756540692877024412e-01
1.763166682794690132e-01
5.395096174906939268e-01
2.825185479596257210e-01
3.215230226051062346e-01
5.293057519011199474e-01
1.811526862438768148e-01
1.772630915511399508e-01
7.053000358864665031e-01
1.775428473483771086e-01
5.178047881927341223e-01
6.938455796334892511e-01
6.613624835154041648e-01
1.798111419193446636e-01
7.045779466861858964e-01
5.946336272172629833e-01
1.767876283265650272e-01
1.818380940239876509e-01
1.755680134519934654e-01
1.964712364133447409e-01
3.749545870814472437e-01
2.116923539433628321e-01
1.755956145934760571e-01
1.851829420775175095e-01
6.733725834637880325e-01
6.792844247538596392e-01
2.086058969143778086e-01
1.770298173651099205e-01
3.294653343036770821e-01
4.487136877141892910e-01
1.854636589996516705e-01
1.884094427805393934e-01
2.694224873557686806e-01
6.911471697967499495e-01
2.864791976753622293e-01
1.810706029646098614e-01
2.509126316290348768e-01
2.145186399575322866e-01
3.423122109379619360e-01
1.963384111877530813e-01
1.887522519100457430e-01
6.706144288182258606e-01
1.753686182200908661e-01
7.070499714900506660e-01
1.910152181517332792e-01
1.763508012518286705e-01
1.768617932684719563e-01
1.798956191632896662e-01
1.787438057363033295e-01
1.833605992142111063e-01
2.532226194161921740e-01
1.756353250239044428e-01
4.946281572338193655e-01
3.071918471250683069e-01
7.003556191921234131e-01
5.238897930830717087e-01
5.045781685039401054e-01
1.985181681811809540e-01
2.421715403907001019e-01
7.039852100424468517e-01
2.282110496889799833e-01
1.753146483097225428e-01
2.743668449111282825e-01
6.956381946802139282e-01
1.738909822888672352e-01
2.794717946089804173e-01
1.771138492040336132e-01
4.487640811130404472e-01
1.813966904301196337e-01
3.117720664013177156e-01
4.673778277356177568e-01
6.838832648936659098e-01
1.768533946014940739e-01
2.090568516869097948e-01
1.834865568671375513e-01
1.754842759110033512e-01
2.189039611257612705e-01
4.601897099055349827e-01
1.773234675638377666e-01
1.773703987710177898e-01
1.876485007815063000e-01
2.081612129695713520e-01
3.460201418492943048e-01
6.543437328655272722e-01
1.773746162652969360e-01
3.922091943677514791e-01
2.711418920662254095e-01
1.756143840029835701e-01
1.751383317168802023e-01
6.296430112561210990e-01
6.987113849027082324e-01
6.047630794346332550e-01
7.103114553028717637e-01
6.590931223472580314e-01
3.646299401298165321e-01
1.756942002102732658e-01
1.784304669126868248e-01
2.020590554457157850e-01
2.576044374145567417e-01
6.561205256148241460e-01
1.760844918899238110e-01
7.017671659123152494e-01
1.779283138457685709e-01
1.764240458142012358e-01
5.791630973108112812e-01
1.767392687033861876e-01
1.763764931820333004e-01
6.099680478218942881e-01
4.151515585836023092e-01
1.867323268670588732e-01
1.732659761328250170e-01
2.243436700664460659e-01
1.848392232786864042e-01
1.765011441893875599e-01
1.898215748369693756e-01
1.765696133952587843e-01
1.752670921850949526e-01
3.876777940895408392e-01
1.760366340167820454e-01
2.070349145215004683e-01
7.011136859655380249e-01
4.108134529087692499e-01
5.079810391180217266e-01
1.931186879519373178e-01
1.821005770470947027e-01
1.797173034865409136e-01
1.862211297266185284e-01
1.780523427296429873e-01
4.718211898580193520e-01
1.765754246152937412e-01
7.035080604255199432e-01
1.750252137426286936e-01
1.752863847650587559e-01
2.173788906075060368e-01
2.042544384021311998e-01
3.771658160258084536e-01
1.861431377474218607e-01
6.831105793826282024e-01
1.837208587676286697e-01
2.588580222800374031e-01
6.827210728079080582e-01
6.979070215020328760e-01
1.759519029874354601e-01
1.870486903935670853e-01
5.954520797822624445e-01
4.405844309367239475e-01
4.414438477251678705e-01
1.937972072046250105e-01
4.489135518670082092e-01
3.366469459142535925e-01
6.610781694762408733e-01
1.787157773505896330e-01
1.763734533451497555e-01
2.073640343733131886e-01
1.769867630209773779e-01
2.010664197150617838e-01
1.804021857678890228e-01
4.897628780454397202e-01
1.986882959026843309e-01
2.267062007449567318e-01
4.399388041347265244e-01
1.763718794099986553e-01
1.996363992802798748e-01
1.768287010490894318e-01
1.778300288133323193e-01
6.301578141283243895e-01
6.441500350192654878e-01
1.754496849607676268e-01
6.653383375378325582e-01
1.750926775857806206e-01
4.628252708353102207e-01
3.923123320564627647e-01
1.860093036666512489e-01
1.835663169622421265e-01
2.868661186657845974e-01
4.604355420451611280e-01
1.843745261430740356e-01
1.758674329612404108e-01
6.325945596909150481e-01
1.751104951836168766e-01
7.065265146375168115e-01
6.623207079246640205e-01
5.005969810299575329e-01
2.003473357763141394e-01
2.725986542645841837e-01
4.750449075363576412e-01
4.374749939888715744e-01
1.773071039933711290e-01
2.003191804978996515e-01
5.976828499697148800e-01
2.106176924426108599e-01
1.921464325860142708e-01
6.901579471305012703e-01
5.839096507988870144e-01
3.233748292550444603e-01
1.992025729268789291e-01
6.186259461101144552e-01
1.767459698021411896e-01
7.017596387304365635e-01
1.789295086637139320e-01
1.956120866816490889e-01
6.913433866575360298e-01
1.739796218462288380e-01
6.986501761712133884e-01
1.787614983040839434e-01
1.748621987644582987e-01
6.331586576998233795e-01
1.736042369157075882e-01
6.466532914200797677e-01
3.597288257442414761e-01
1.793837870936840773e-01
1.775751551613211632e-01
6.645242800004780293e-01
3.948488752357661724e-01
1.939126006327569485e-01
5.550235330592840910e-01
6.545446058735251427e-01
6.006562595721334219e-01
4.292724756523966789e-01
1.747556354384869337e-01
1.839946892578154802e-01
1.783895494882017374e-01
4.887550873681902885e-01
1.755490088835358620e-01
6.124052200466394424e-01
3.933138987049460411e-01
4.528605348896235228e-01
1.778393224813044071e-01
6.788873737677931786e-01
6.596223232336342335e-01
1.764763051178306341e-01
1.799656385555863380e-01
2.029142517130821943e-01
1.802604596596211195e-01
3.657160883303731680e-01
1.758465396706014872e-01
2.414910816587507725e-01
1.778532117605209351e-01
1.755893058143556118e-01
6.988442541332915425e-01
6.671099973609670997e-01
7.005786525551229715e-01
1.758942343294620514e-01
2.969620481599122286e-01
6.342204869724810123e-01
1.880264878273010254e-01
1.774097795132547617e-01
1.905490213539451361e-01
4.710565919522196054e-01
6.850269008427858353e-01
1.921327752061188221e-01
5.798214969690889120e-01
4.216035041026771069e-01
6.268114882986992598e-01
1.786963972263038158e-01
1.752849726472049952e-01
1.903344660531729460e-01
1.865706807002425194e-01
1.855491208843886852e-01
6.995164302643388510e-01
5.604660403914749622e-01
1.784315349068492651e-01
6.233851744327694178e-01
2.241744156926870346e-01
1.797101115807890892e-01
1.756266774609684944e-01
5.534490512218326330e-01
6.721099070273339748e-01
1.886389416176825762e-01
1.929305866360664368e-01
2.224781615659594536e-01
3.757316258270293474e-01
1.990649343933910131e-01
5.706081618554890156e-01
6.865097361151129007e-01
1.823911822866648436e-01
5.712192126084119081e-01
1.774502762127667665e-01
5.547220949083566666e-01
1.772886044345796108e-01
1.997103535104542971e-01
1.781737834680825472e-01
6.525075504323467612e-01
1.780208246782422066e-01
1.813870826736092567e-01
1.750346175394952297e-01
1.755501884035766125e-01
5.063361406791955233e-01
6.757200637366622686e-01
1.771428280044347048e-01
2.170390498358756304e-01
1.948678921908140182e-01
1.856139469891786575e-01
2.177817211486399174e-01
2.680676253512501717e-01
2.981117994058877230e-01
2.791408642660826445e-01
1.757255455013364553e-01
3.838550997897982597e-01
4.616667113732546568e-01
6.813958669081330299e-01
2.454370020423084497e-01
1.744663785211741924e-01
2.697620356921106577e-01
2.063243140000849962e-01
6.820706848520785570e-01
2.082482024561613798e-01
1.771571186836808920e-01
1.907400169875472784e-01
5.629521636292338371e-01
1.774728549644351006e-01
1.873084288090467453e-01
6.477484130300581455e-01
1.739837133791297674e-01
1.873338443692773581e-01
2.723192956764250994e-01
6.536306408233940601e-01
1.970866115298122168e-01
1.765613439492881298e-01
1.787266908213496208e-01
7.101440861588343978e-01
1.843366136308759451e-01
6.763278592261485755e-01
1.792795306537300348e-01
2.243027596268802881e-01
6.369155092979781330e-01
2.030604400206357241e-01
3.180397418327629566e-01
1.817262039985507727e-01
5.799502446316182613e-01
3.639764583203941584e-01
1.753794497344642878e-01
2.350312292110174894e-01
1.842694384977221489e-01
7.041672560153529048e-01
7.077289049375394825e-01
2.737976177595555782e-01
5.731603596359491348e-01
5.976490019820630550e-01
2.331316964700818062e-01
2.038415276911109686e-01
3.868625960312783718e-01
6.205534706823527813e-01
6.925704306922852993e-01
5.860319186467677355e-01
6.074486416764557362e-01
1.828147103078663349e-01
1.821801087353378534e-01
6.991529481019824743e-01
1.736197348218411207e-01
2.124710876960307360e-01
1.770950944628566504e-01
1.791926287114620209e-01
1.874256078153848648e-01
1.899823746643960476e-01
6.979289571754634380e-01
6.182250145357102156e-01
1.848913012072443962e-01
1.813005544245243073e-01
5.808053398504853249e-01
1.773447848390787840e-01
6.780018886784091592e-01
1.828709114342927933e-01
1.781494880560785532e-01
6.807778931688517332e-01
6.045629866421222687e-01
6.436614925041794777e-01
6.748548293253406882e-01
1.821707233320921659e-01
2.546777920797467232e-01
4.277666124980896711e-01
6.411696353461593390e-01
1.781638287939131260e-01
1.865614892449229956e-01
6.642357181990519166e-01
1.771972689311951399e-01
1.788213243708014488e-01
2.068501370958983898e-01
1.937600849196314812e-01
1.815406868699938059e-01
7.104836824692029040e-01
1.943687868770211935e-01
2.429369774181395769e-01
2.603119313716888428e-01
6.834084044676274061e-01
1.788648618385195732e-01
2.101562244351953268e-01
1.784949586726725101e-01
2.199540461879223585e-01
1.811100228223949671e-01
1.965893462765961885e-01
3.174762697890400887e-01
1.804871500935405493e-01
2.229166110046207905e-01
1.739429137669503689e-01
1.769578051753342152e-01
1.772108555305749178e-01
2.542303279042243958e-01
2.478414771612733603e-01
6.927626782562583685e-01
6.985996647272258997e-01
2.419578058179467916e-01
7.023527196142822504e-01
1.806727873627096415e-01
7.050445620407117531e-01
1.827771530952304602e-01
6.675054676597937942e-01
1.818578178063035011e-01
1.749769218731671572e-01
2.029657622333616018e-01
1.778200129047036171e-01
1.810778488870710135e-01
1.754598091356456280e-01
2.237372600939124823e-01
3.461395406629890203e-01
1.779687514062970877e-01
2.416328701656311750e-01
2.631428376771509647e-01
1.786050458904355764e-01
4.476515839342027903e-01
1.757238798309117556e-01
1.761644564103335142e-01
7.049275661120191216e-01
2.133579601068049669e-01
1.885369073133915663e-01
1.768045546486973763e-01
1.826735031791031361e-01
6.672431461047381163e-01
7.087587976711802185e-01
2.982038720510900021e-01
2.008533361367881298e-01
2.423315157648175955e-01
2.693057039286941290e-01
2.573825952131301165e-01
1.892783418297767639e-01
2.501081090886145830e-01
6.640493849990889430e-01
1.765122779179364443e-01
5.905013685114681721e-01
1.933609650004655123e-01
7.117210734431864694e-01
4.491325640119612217e-01
6.832325111608952284e-01
1.763237891718745232e-01
5.810272616799920797e-01
1.772329078521579504e-01
3.706385958939790726e-01
1.802634624764323235e-01
3.981684383470565081e-01
6.940280764829367399e-01
2.323458828032016754e-01
6.515172571525909007e-01
1.814257206860929728e-01
1.790667488239705563e-01
1.825971512589603662e-01
7.024407587014138699e-01
1.747917851898819208e-01
4.712723398115485907e-01
1.886179153807461262e-01
4.769354532472789288e-01
6.498216880718246102e-01
5.004385809879750013e-01
1.872230553999543190e-01
4.349416289478540421e-01
6.970059808809310198e-01
1.902424048166722059e-01
1.795372734777629375e-01
1.756707353051751852e-01
6.928751503583043814e-01
1.946620857343077660e-01
1.872701805550605059e-01
1.864468103740364313e-01
6.747918210458010435e-01
1.756020598113536835e-01
3.405927524436265230e-01
1.987926154397428036e-01
2.711395435035228729e-01
6.340766798239201307e-01
6.692737900302745402e-01
2.532957938965409994e-01
1.758629167452454567e-01
1.739300233311951160e-01
1.763575447257608175e-01
1.782379294745624065e-01
2.898523625917732716e-01
1.845601520035415888e-01
2.105090529657900333e-01
1.755205648951232433e-01
6.845609361771494150e-01
1.815750205423682928e-01
1.744222054257988930e-01
1.950583592988550663e-01
2.872283617034554482e-01
1.748434973414987326e-01
3.414150008466094732e-01
1.756778575945645571e-01
6.775088073336519301e-01
6.867267603520303965e-01
5.095902625471353531e-01
2.023752769455313683e-01
6.915314043872058392e-01
7.072167355800047517e-01
3.077763174660503864e-01
2.522385749034583569e-01
5.587578976992517710e-01
2.921766804065555334e-01
5.547274721320718527e-01
2.087255148217082024e-01
2.535001896321773529e-01
1.854947456158697605e-01
4.626163367647677660e-01
5.016180162783712149e-01
1.732496505137532949e-01
6.100263791158795357e-01
1.828839303925633430e-01
1.777235730551183224e-01
5.884190930519253016e-01
1.763419569469988346e-01
1.738477454055100679e-01
1.880759124178439379e-01
7.093996635812800378e-01
1.995229152962565422e-01
1.763948125299066305e-01
1.734772948548197746e-01
2.078991336748003960e-01
1.755283493548631668e-01
6.818877770565450191e-01
2.065967707894742489e-01
1.911725513637065887e-01
5.466381567530333996e-01
6.621218310901895165e-01
1.777237297501415014e-01
6.812541296239942312e-01
1.779048228636384010e-01
2.180607831105589867e-01
4.235594556666910648e-01
4.552111609373241663e-01
1.827073467429727316e-01
2.150627376977354288e-01
1.759193262550979853e-01
1.866692018229514360e-01
1.787241725251078606e-01
1.755229451227933168e-01
3.311018587555736303e-01
1.785355140455067158e-01
1.840786908287554979e-01
3.534985953010618687e-01
5.619836980476975441e-01
4.626552884001284838e-01
1.815221223514527082e-01
2.505972927901893854e-01
1.975608682259917259e-01
1.761482020374387503e-01
1.793496594764292240e-01
7.072837883024476469e-01
1.783796581439673901e-01
1.741467444226145744e-01
6.424150641541928053e-01
1.739978017285466194e-01
5.888404224533587694e-01
7.047653567278757691e-01
6.727202243346255273e-01
2.262284089811146259e-01
1.869970615953207016e-01
6.815129559254273772e-01
5.525120354723185301e-01
1.761600263416767120e-01
2.132299717050045729e-01
5.208281516097486019e-01
1.887308543082326651e-01
5.533250248990952969e-01
1.897454808931797743e-01
1.799537383485585451e-01
6.787349877413362265e-01
6.637211967026814818e-01
5.781100580934435129e-01
1.747282589785754681e-01
1.770922227296978235e-01
1.775658715050667524e-01
4.645952465943992138e-01
3.690375639125704765e-01
3.099562611896544695e-01
1.813920754939317703e-01
1.852050544694066048e-01
4.012272080872207880e-01
6.053033778443932533e-01
2.723403950221836567e-01
1.775734391994774342e-01
6.240900291595607996e-01
4.346987586468458176e-01
5.050954192411154509e-01
6.810938729904592037e-01
1.771008074283599854e-01
2.356956680305302143e-01
1.811718044336885214e-01
2.716638613492250443e-01
1.743335996288806200e-01
5.123992711305618286e-01
5.892613297328352928e-01
2.206801471766084433e-01
4.746210821904242039e-01
1.765396229457110167e-01
1.762261067051440477e-01
4.199922108091413975e-01
1.755025149323046207e-01
5.066295899450778961e-01
4.182243070099502802e-01
1.784668765030801296e-01
1.797244725748896599e-01
1.933311265893280506e-01
4.429435899946838617e-01
6.997404841240495443e-01
4.304145826026797295e-01
6.923553387168794870e-01
2.465231639798730612e-01
1.823891536332666874e-01
7.011761907488107681e-01
6.652052419958636165e-01
1.745335145387798548e-01
3.592278677970170975e-01
2.813113755546510220e-01
1.782981734722852707e-01
1.797811973374336958e-01
1.888964364770799875e-01
1.743465184699743986e-01
1.763828850816935301e-01
2.253679351415485144e-01
4.031961488071829081e-01
1.771263750270009041e-01
2.693751372862607241e-01
4.394617662765085697e-01
4.832234031055122614e-01
2.911265513394027948e-01
7.054940471425652504e-01
1.755651633720844984e-01
1.751884496770799160e-01
5.705262229312211275e-01
4.336040734779089689e-01
1.749960344750434160e-01
4.111931812949478626e-01
1.909378757700324059e-01
2.240101306233555079e-01
1.785824419930577278e-01
4.767621816135942936e-01
1.760185160674154758e-01
1.747041128110140562e-01
4.848447246477007866e-01
1.758521506562829018e-01
1.828159443102777004e-01
6.836800226010382175e-01
2.092758361250162125e-01
1.869333265349268913e-01
6.863194725010544062e-01
1.814667161088436842e-01
1.753403022885322571e-01
1.753835235722362995e-01
5.758538951631635427e-01
5.250026134308427572e-01
1.797250099480152130e-01
1.759417462162673473e-01
6.861463589593768120e-01
1.766076495405286551e-01
3.470259686000645161e-01
5.643589920364320278e-01
1.879335499834269285e-01
1.766132949851453304e-01
1.764822863042354584e-01
1.770142843015491962e-01
1.791298741009086370e-01
1.763047380372881889e-01
6.436299067572690547e-01
1.927428818307816982e-01
2.264104217756539583e-01
1.773693182040005922e-01
1.828423722181469202e-01
1.903880643658339977e-01
6.980374401900917292e-01
1.751728942617774010e-01
2.658614080864936113e-01
1.804021077696233988e-01
4.850091033149510622e-01
6.606199649395421147e-01
2.089276618789881468e-01
7.069365645784273511e-01
1.807135937269777060e-01
1.754556787200272083e-01
2.548698598984628916e-01
6.789782200939953327e-01
1.771076994482427835e-01
1.773577607236802578e-01
1.773437312804162502e-01
1.839300321880728006e-01
7.026980570517480373e-01
5.794767197221517563e-01
6.326362504623830318e-01
5.564044381026178598e-01
1.770613959524780512e-01
4.020112359430640936e-01
3.495586765930056572e-01
5.924745318479835987e-01
2.128845436964184046e-01
1.809919211082160473e-01
6.042790811043232679e-01
7.002985470462590456e-01
3.237637530546635389e-01
2.327773934230208397e-01
1.761128837242722511e-01
1.816535308025777340e-01
6.959982420084998012e-01
2.377770510502159595e-01
2.218661783263087273e-01
1.736297518946230412e-01
6.030445031356066465e-01
1.792192659340798855e-01
6.637588070589117706e-01
6.213173132855445147e-01
6.101344490889459848e-01
4.831004526931792498e-01
1.780174127779901028e-01
1.792388327885419130e-01
6.484959194494877011e-01
1.999886420089751482e-01
1.792468472849577665e-01
6.299581269267946482e-01
1.776476742234081030e-01
1.956170203629881144e-01
4.669943980406969786e-01
2.053337949328124523e-01
1.827465370297431946e-01
1.806779950857162476e-01
2.246155915781855583e-01
6.521138959506060928e-01
1.783923963084816933e-01
2.332045952789485455e-01
1.774062153417617083e-01
1.848278683610260487e-01
6.320518539287149906e-01
1.744012704584747553e-01
1.791633225511759520e-01
1.770376614294946194e-01
6.671990865725092590e-01
1.921837651170790195e-01
1.835273562464863062e-01
5.144500327296555042e-01
7.043794191777124070e-01
1.771885210182517767e-01
1.769395412411540747e-01
6.578393992385827005e-01
1.763331110123544931e-01
6.089669947978109121e-01
1.802423566114157438e-01
1.963239181786775589e-01
2.000992628745734692e-01
1.979944964405149221e-01
4.081652818713337183e-01
6.590678857464808971e-01
6.928514915052801371e-01
1.750837631989270449e-01
1.812374303117394447e-01
6.985846718307584524e-01
6.950289439409971237e-01
1.883582773152738810e-01
4.413081498350948095e-01
1.848482983186841011e-01
6.713749725458910689e-01
1.979306968860328197e-01
6.726904858951456845e-01
1.782485623843967915e-01
1.802373835816979408e-01
7.100455764102662215e-01
1.813597779255360365e-01
6.942902089795097709e-01
5.607243156991899014e-01
6.622762173647060990e-01
6.164392544887959957e-01
3.197651812806725502e-01
2.844200571998953819e-01
1.994011597707867622e-01
2.219335478730499744e-01
6.588427778042387217e-01
1.798117279540747404e-01
1.805022864136844873e-01
2.754157821182161570e-01
1.745574316009879112e-01
1.801515370607376099e-01
6.545129664882551879e-01
6.960402838885784149e-01
1.747185192070901394e-01
6.733925885055214167e-01
2.072540675289928913e-01
3.221080205403268337e-01
1.788631586823612452e-01
2.350236768834292889e-01
3.702894935850054026e-01
1.836703736335039139e-01
2.410486389417201281e-01
2.491149161942303181e-01
1.754246044438332319e-01
6.531111607037018985e-01
3.114654698874801397e-01
6.456237760721705854e-01
6.634408466634340584e-01
1.805903806816786528e-01
1.917162269819527864e-01
6.918477974832057953e-01
1.747986692935228348e-01
6.671653513330966234e-01
1.975077532697468996e-01
2.850160819943994284e-01
1.785781497601419687e-01
3.442619370762258768e-01
1.764888414181768894e-01
1.749714147299528122e-01
1.906512738205492496e-01
4.383089232724159956e-01
1.877407231368124485e-01
2.030132573563605547e-01
2.354332418181002140e-01
6.109105760697275400e-01
6.654358644445892423e-01
6.044843306299299002e-01
2.696990128606557846e-01
2.954112333245575428e-01
1.755164363421499729e-01
2.197831713128834963e-01
1.757433309685438871e-01
6.452979302266612649e-01
6.792976062351954170e-01
2.179933048319071531e-01
1.818883563391864300e-01
1.757982552517205477e-01
6.693919521640054882e-01
1.768738122191280127e-01
1.884196272585541010e-01
2.097383439540863037e-01
2.594155848491936922e-01
5.330658820457756519e-01
1.786963567137718201e-01
1.837300534825772047e-01
6.195070927496999502e-01
1.881901558954268694e-01
1.757803971413522959e-01
5.652359400410205126e-01
4.404751253314316273e-01
4.472464821301400661e-01
2.514894667547196150e-01
1.746000992134213448e-01
1.773567430209368467e-01
1.859459872357547283e-01
7.109213507792446762e-01
1.875023962929844856e-01
7.059912236072705127e-01
1.794233650434762239e-01
1.809853205922991037e-01
6.815047478303313255e-01
2.203486103098839521e-01
1.962572764605283737e-01
1.755763124674558640e-01
2.117801783606410027e-01
6.531584977055899799e-01
6.840100465342402458e-01
7.015014718053862453e-01
1.820027325302362442e-01
4.075800629798322916e-01
1.749192138668149710e-01
2.600442310795187950e-01
6.466954542684106855e-01
4.774419914465397596e-01
2.543601125944405794e-01
1.796373401302844286e-01
1.757163272704929113e-01
2.059014756232500076e-01
3.245801359880715609e-01
1.754568230826407671e-01
1.805431682150810957e-01
1.878751725889742374e-01
1.873449317645281553e-01
6.987568230833858252e-01
6.575152344303205609e-01
5.270410049706697464e-01
1.798450001515448093e-01
2.051679231226444244e-01
1.750631381291896105e-01
1.840121494606137276e-01
1.760781570337712765e-01
1.848136612679809332e-01
1.756276336964219809e-01
1.842266239691525698e-01
1.759646644350141287e-01
1.749712119344621897e-01
1.741080125793814659e-01
6.757758879393804818e-01
6.500026354915462434e-01
1.879421949852257967e-01
4.766011442989110947e-01
2.965711252763867378e-01
2.510789677035063505e-01
5.805007365997880697e-01
1.786215351894497871e-01
1.761669423431158066e-01
6.894141600932925940e-01
6.925889339763671160e-01
2.047280727420002222e-01
3.503080662339925766e-01
6.441983605036512017e-01
6.888892417773604393e-01
3.222624978516250849e-01
1.995877819135785103e-01
1.756464270874857903e-01
7.056803051964379847e-01
1.742238150909543037e-01
1.858493709005415440e-01
3.337502274662256241e-01
1.933544897474348545e-01
2.386989484075456858e-01
1.759118952322751284e-01
1.766355356667190790e-01
6.878625801764428616e-01
1.763888939749449492e-01
1.867050169967114925e-01
1.806653647217899561e-01
1.751256827265024185e-01
3.421388829592615366e-01
1.830261116847395897e-01
2.020672378130257130e-01
1.759500592015683651e-01
3.098741504363715649e-01
1.952215670607984066e-01
1.829910255037248135e-01
1.740609209518879652e-01
1.922458831686526537e-01
1.803163194563239813e-01
2.827315703034400940e-01
6.378201590850949287e-01
4.506830726750195026e-01
2.397515519987791777e-01
1.744835283607244492e-01
1.903202927205711603e-01
1.794011364690959454e-01
5.472343461588025093e-01
1.812601559795439243e-01
5.031884200870990753e-01
2.162869926542043686e-01
1.829425576142966747e-01
6.202810357790440321e-01
1.742977574467658997e-01
1.808633313048630953e-01
1.982318707741796970e-01
4.606298594735562801e-01
7.073714087491680402e-01
5.731073503848165274e-01
4.559623717796057463e-01
4.339132052846252918e-01
1.812432652805000544e-01
1.838760648388415575e-01
2.604477661661803722e-01
1.759341321885585785e-01
5.289219520054757595e-01
5.343578269239515066e-01
1.766912988387048244e-01
6.464939818033599295e-01
1.766003372613340616e-01
7.088305856232182123e-01
1.824287069030106068e-01
5.814188935328274965e-01
1.734634423628449440e-01
6.799965908285230398e-01
3.427789185661822557e-01
1.784961414523422718e-01
1.854598091449588537e-01
5.085655904840677977e-01
5.543114326428622007e-01
1.788347177207469940e-01
2.294076432008296251e-01
1.807506636250764132e-01
2.532993813510984182e-01
5.663942326791584492e-01
6.888718036934733391e-01
2.117932161781936884e-01
1.761337430216372013e-01
1.772469268180429935e-01
4.638694697059690952e-01
7.034830765333026648e-01
6.995634099002927542e-01
1.818591149058192968e-01
3.535894402302801609e-01
2.573382311966270208e-01
1.840368707198649645e-01
6.504097537545021623e-01
1.758920790161937475e-01
1.763775171712040901e-01
3.390801164787262678e-01
3.597460936289280653e-01
3.838398258667439222e-01
6.962621759157627821e-01
1.751500035170465708e-01
1.856619247701019049e-01
3.624670663848519325e-01
6.333851770032197237e-01
1.789748303126543760e-01
3.760351811069995165e-01
2.449723915196955204e-01
2.084380937740206718e-01
3.793601060751825571e-01
1.858119443058967590e-01
7.064965304452925920e-01
7.042869296856224537e-01
6.900089569389820099e-01
1.800588606856763363e-01
6.846588372718542814e-01
1.736986355390399694e-01
1.948542625177651644e-01
2.044352991506457329e-01
1.776991533115506172e-01
7.036427698330953717e-01
1.806348930113017559e-01
1.764860141556710005e-01
1.834533060900866985e-01
6.330222492106258869e-01
1.773358571808785200e-01
4.858505651354789734e-01
2.494527392555028200e-01
6.887145088985562325e-01
1.778481656219810247e-01
7.065545096993446350e-01
1.871098699048161507e-01
1.744381149765104055e-01
1.769554859492927790e-01
1.957683276850730181e-01
6.956510574091225863e-01
1.796518887858837843e-01
1.744677580427378416e-01
6.869603875093162060e-01
2.470237622037529945e-01
7.088266888458747417e-01
2.455493640154600143e-01
1.860269552562385798e-01
5.301021940540522337e-01
1.794250337406992912e-01
6.821317423600703478e-01
5.996419778093695641e-01
1.802050338592380285e-01
1.773201550822705030e-01
4.208519430831074715e-01
1.938544923905283213e-01
3.255117102526128292e-01
1.769758225418627262e-01
1.763704328332096338e-01
3.874187550973147154e-01
7.048470358422491699e-01
1.854387205094099045e-01
4.626614316366612911e-01
1.756058039609342813e-01
6.432464037206955254e-01
6.886852071620523930e-01
3.174046236090362072e-01
2.243902392219752073e-01
6.589291713899001479e-01
2.636322176549583673e-01
2.651376815047115088e-01
6.235556390602141619e-01
1.774386398028582335e-01
5.875324606895446777e-01
6.808428936637938023e-01
4.483226421289145947e-01
6.469896098133176565e-01
4.835619437508285046e-01
7.033845653058961034e-01
6.891980022192001343e-01
2.080185837112367153e-01
1.801728471182286739e-01
5.166374861728399992e-01
2.113592391833662987e-01
1.749464184977114201e-01
2.523820125497877598e-01
2.284738763701170683e-01
1.738991825841367245e-01
2.006537485867738724e-01
1.750651237089186907e-01
1.786515945568680763e-01
6.582522094249725342e-01
2.276003754232078791e-01
1.866171129513531923e-01
4.444375636521726847e-01
5.394062532577663660e-01
1.778096756897866726e-01
2.174859696533530951e-01
1.738149870652705431e-01
1.822869039606302977e-01
1.772523941472172737e-01
1.798071039374917746e-01
1.748460028320550919e-01
3.255901655647903681e-01
6.481484001269564033e-01
1.785222571343183517e-01
2.172894971445202827e-01
1.917062385473400354e-01
1.795389426406472921e-01
1.881770943291485310e-01
1.770583386532962322e-01
1.755716376937925816e-01
2.462894190102815628e-01
1.791107112076133490e-01
1.844886541366577148e-01
1.988264005631208420e-01
1.817236901260912418e-01
6.442912570200860500e-01
1.764413793571293354e-01
2.034148743841797113e-01
1.789885954931378365e-01
1.880357398185878992e-01
5.321279796771705151e-01
3.774357731454074383e-01
3.007105938158929348e-01
1.752387071028351784e-01
6.819496490061283112e-01
1.767622979823499918e-01
6.608836925006471574e-01
1.804988917429000139e-01
6.920934715308248997e-01
1.840171543881297112e-01
5.270252679474651814e-01
2.637746580876410007e-01
6.101127539295703173e-01
4.278195516671985388e-01
2.338408343493938446e-01
2.376165755558758974e-01
2.200819777790457010e-01
5.166554693132638931e-01
5.824280774686485529e-01
2.164973851758986712e-01
1.780744798015803099e-01
5.229861612897366285e-01
6.533333676052279770e-01
3.386109150014817715e-01
4.009830730501562357e-01
1.864236579276621342e-01
1.818497534841299057e-01
1.978704321663826704e-01
1.757276505231857300e-01
6.775443002989050001e-01
1.961215229239314795e-01
3.622477720491588116e-01
1.798844647128134966e-01
2.036320797633379698e-01
1.771862152963876724e-01
3.463519411161541939e-01
1.881940823514014482e-01
4.276150504592806101e-01
2.086908866185694933e-01
5.578272424172610044e-01
1.790373579133301973e-01
1.773195057176053524e-01
2.454240219667553902e-01
1.734640931244939566e-01
7.015215650899335742e-01
1.759567421395331621e-01
3.748722178861498833e-01
1.790530460420995951e-01
3.606538437306880951e-01
5.983620721381157637e-01
4.034381159581243992e-01
3.339465863537043333e-01
6.819962312001734972e-01
5.546336185652762651e-01
1.754018669016659260e-01
1.801140909083187580e-01
6.969540964346379042e-01
1.756605533882975578e-01
2.296560297254472971e-01
1.766746728681027889e-01
5.121554953511804342e-01
1.770998896099627018e-01
1.749252025038003922e-01
1.758113282267004251e-01
2.373469634912908077e-01
1.929372975137084723e-01
1.745489656459540129e-01
7.032645530998706818e-01
1.744169197045266628e-01
1.753319478593766689e-01
5.362869275268167257e-01
3.320222590118646622e-01
3.342684146482497454e-01
1.884800877887755632e-01
5.828077711630612612e-01
1.799710239283740520e-01
3.378166342154145241e-01
6.793234555516391993e-01
1.743281846866011620e-01
6.946927260141819715e-01
2.209039900917559862e-01
6.768163775559514761e-01
6.231028779875487089e-01
1.757146525196731091e-01
7.039355911547318101e-01
1.830680842977017164e-01
1.748493707273155451e-01
6.461310940794646740e-01
6.952957818284630775e-01
6.993874452309682965e-01
2.435782109387218952e-01
3.290739597287029028e-01
1.839539976790547371e-01
6.113812287803739309e-01
1.787633211351931095e-01
2.027523729484528303e-01
4.085497567430138588e-01
6.628376378794200718e-01
1.739368799608200788e-01
6.745691401883959770e-01
4.990776597987860441e-01
3.738091019913554192e-01
2.115884106606245041e-01
4.608258113730698824e-01
1.875258935615420341e-01
1.753753295633941889e-01
7.043398605892434716e-01
6.310951320920139551e-01
5.899717924185097218e-01
1.743414085358381271e-01
1.847445198800414801e-01
2.541063439566642046e-01
1.760040549561381340e-01
1.784156507346779108e-01
3.195145272184163332e-01
1.752735045738518238e-01
7.052230302942916751e-01
5.328168082050979137e-01
4.492650807369500399e-01
7.095543235191144049e-01
2.186512860935181379e-01
6.641184434411115944e-01
2.425599556881934404e-01
3.530793339014053345e-01
1.775705458130687475e-01
5.290495161898434162e-01
2.993770360480993986e-01
1.774303154088556767e-01
5.282457133289426565e-01
1.771594425663352013e-01
1.919965192209929228e-01
6.113784923218190670e-01
6.520251933834515512e-01
1.873914189636707306e-01
1.761630789842456579e-01
7.058252759743481874e-01
1.818239688873291016e-01
7.069695273385150358e-01
1.814564294181764126e-01
1.812801305204629898e-01
6.989452191628515720e-01
1.735840558540076017e-01
3.616443849168717861e-01
1.771126578096300364e-01
2.247956835199147463e-01
7.041481803753413260e-01
1.758917493280023336e-01
1.881585333030670881e-01
1.770017056260257959e-01
1.837244939524680376e-01
1.839106290135532618e-01
5.989241213537752628e-01
7.038169190054759383e-01
5.920381546020507812e-01
7.003388782031834126e-01
1.839983179233968258e-01
6.042683604173362255e-01
5.357061789836734533e-01
3.807669945526868105e-01
1.823765803128480911e-01
1.811387422494590282e-01
5.612496410030871630e-01
1.802236186340451241e-01
1.862421256955713034e-01
1.808585715480148792e-01
1.747883830685168505e-01
6.568015790544450283e-01
2.054480628576129675e-01
5.126253222115337849e-01
3.271573705133050680e-01
1.752185430377721786e-01
1.752856108359992504e-01
1.852238604333251715e-01
4.567005618009716272e-01
1.774263395927846432e-01
7.066061286459444091e-01
1.814081070479005575e-01
2.921815603040158749e-01
1.771840876899659634e-01
7.015516957035288215e-01
6.051133116707205772e-01
1.786057448480278254e-01
1.732162630651146173e-01
1.743518069852143526e-01
4.687698297202587128e-01
3.547319411300122738e-01
2.254977545235306025e-01
1.823166210670024157e-01
2.013166313990950584e-01
1.862153771799057722e-01
2.194006617646664381e-01
3.005353831686079502e-01
1.825283365324139595e-01
6.174905740190297365e-01
6.533260317810345441e-01
1.816184073686599731e-01
7.091090435860678554e-01
1.823164168745279312e-01
1.760436003096401691e-01
4.632587903179228306e-01
1.780199394561350346e-01
1.978059166576713324e-01
5.569949226919561625e-01
5.802755833137780428e-01
1.755712064914405346e-01
1.790746902115643024e-01
1.911828373558819294e-01
6.821411726996302605e-01
6.867388640530407429e-01
1.825131475925445557e-01
6.887271984014660120e-01
1.811634590849280357e-01
1.776919681578874588e-01
6.823908409569412470e-01
6.880687908269464970e-01
1.753144960384815931e-01
2.068967355880886316e-01
7.026228616014122963e-01
2.433673252817243338e-01
3.718336205929517746e-01
1.767931964714080095e-01
4.160297415219247341e-01
6.004869954194873571e-01
4.008168422151356936e-01
5.396879154723137617e-01
6.833393359556794167e-01
1.752446491736918688e-01
4.994087042286992073e-01
2.381217824295163155e-01
4.568342100828886032e-01
1.860165866091847420e-01
4.910517702810466290e-01
2.867378806695342064e-01
1.779889215249568224e-01
1.802806954365223646e-01
7.024026876897551119e-01
2.283509706612676382e-01
6.999698072904720902e-01
2.080883404705673456e-01
5.664848049636930227e-01
2.136120870709419250e-01
2.456172369420528412e-01
1.751701184548437595e-01
1.732417419552803040e-01
1.956951599568128586e-01
6.856448540929704905e-01
4.544189125299453735e-01
2.214459327515214682e-01
1.784358809236437082e-01
5.733280444983392954e-01
6.940965466201305389e-01
4.388039137702435255e-01
6.504765223362483084e-01
6.719497711164876819e-01
7.097237488778773695e-01
1.734248280990868807e-01
1.800087457522749901e-01
1.847637279424816370e-01
1.772941069211810827e-01
6.831200770102441311e-01
1.876893346197903156e-01
1.751752963755279779e-01
6.568485769676044583e-01
2.613684956450015306e-01
6.870795679278671741e-01
1.963365778792649508e-01
6.982468834612518549e-01
1.778546855784952641e-01
7.105002836033236235e-01
5.790130051318556070e-01
2.465897912625223398e-01
2.837682391982525587e-01
4.871374738868325949e-01
1.866444007027894258e-01
1.805138601921498775e-01
3.272056619171053171e-01
3.666842218954116106e-01
1.763705506455153227e-01
2.104667783714830875e-01
1.903964125085622072e-01
1.953644184395670891e-01
1.935190132353454828e-01
5.853903908282518387e-01
3.996783653274178505e-01
1.763785907533019781e-01
3.350880930665880442e-01
2.041899720206856728e-01
1.749023683369159698e-01
6.986841501202434301e-01
6.888034956064075232e-01
6.886904402635991573e-01
7.127859824140614364e-01
1.898289639502763748e-01
2.760594540741294622e-01
1.873689850326627493e-01
4.757399850059300661e-01
1.769236717373132706e-01
5.649837802629917860e-01
1.771158492192625999e-01
6.707142314990051091e-01
6.616690328810364008e-01
6.958580210339277983e-01
1.778970980085432529e-01
5.171401018742471933e-01
2.332130249124020338e-01
6.852843286469578743e-01
1.879644109867513180e-01
6.761237917235121131e-01
1.774994703009724617e-01
