8.646552508799985 116.61311949617273
14.789987712649074 93.94001958507964
12.005322599530777 104.57810996914603
10.429535335332334 110.12714069392787
16.54864750495483 87.22516631510965
10.354081954488835 110.49067821334928
11.366724199985127 106.8633071217103
13.075098040115801 100.50059987522225
9.098103752387917 114.97211833695044
4.266406048857099 137.54434290543244
10.101876474505138 111.25289838218184
3.697160371359606 140.10843462380902
12.62641087009672 102.20596150836728
7.072146035019659 122.99001684140892
4.5460955794136115 136.1192381861219
8.537694301138087 117.05833384439548
9.766925541899372 112.583382734701
18.761567574649245 79.03238346603625
11.877508439011272 105.01704963307859
8.763015989382767 116.1920233887042
7.479274743166565 121.24811324042864
9.281870100366492 114.16778609381223
14.538185440116033 95.04642848243641
15.036393768823144 93.030488453618
14.49131972765787 95.21663576064972
19.294132299758303 77.03760910273773
10.11042811433279 111.3469718389173
5.485521595082946 131.04130149486647
16.88387261862704 85.80273825244664
17.28717371746495 84.41279713981692
6.9612525402003875 123.48081688186005
10.121146148772738 111.21983742294573
13.251091068713409 99.97022768959903
8.942839228627767 115.44467818796907
3.279625659312791 141.39074654734884
8.059911161212005 118.90037618390254
6.207444245042736 127.20551086430547
10.008640344418522 111.53266012069543
11.336289581341946 106.98427524997935
13.938015051822434 97.23919537199178
3.7916415020003122 139.62396592950074
10.458305097405063 110.12010476996525
3.0150954282317417 142.04834430061962
13.177978892422106 100.13423172672765
16.4109909204979 87.76250298148999
10.587454264786995 109.63631601788865
9.83999453597338 112.27969984013805
12.083491777654821 104.28127823163491
16.54057295058815 87.2934906551584
7.339132319742881 121.87312303775492
9.769884824453346 112.450483591113
2.711185811415472 142.3025687885042
3.2492780554388014 141.49827596230693
14.881654715418042 93.76158648399827
3.710302202845675 140.01437594842642
17.24657306838846 84.5648984925529
11.249760742163529 107.22283150382951
14.0403797985919 96.96716181746655
7.870018661321853 119.62827405138803
12.580167397781763 102.39752784146711
9.169378863507266 114.61257178280195
10.427050536900937 110.11695141468789
7.163296932251788 122.62146351624946
11.375451170020353 106.8486046027296
12.649488903769225 102.2002805417504
12.744102702667888 101.7371906107991
10.391139060408657 110.40505969045124
6.848577648850735 124.09476037300983
8.116988687659164 118.55807454142712
5.021398343183564 133.5581372281412
12.962453844559166 100.91411807578987
9.039726077012773 115.1702278822508
11.835881822073244 105.11421485612115
14.94142930950933 93.47560179592952
15.09404879239318 92.91803192103903
16.92076896183428 85.73527246264334
12.392822128444399 103.1370315345086
17.641058751685833 82.94895049465339
5.019453322468368 133.50400791395822
8.496829876348718 117.18694639565331
5.610780981168325 130.3428825721067
6.080711200758668 127.78985715990662
12.198382489046208 103.8695806010282
16.163440275431643 88.72777952171427
6.001338903628634 128.2888312884908
10.418378715239607 110.1533381783181
3.269137192985877 141.46194832408818
4.928076629063873 134.0734447516386
12.287796732768285 103.44235762279811
10.239059615374847 110.80951692171406
10.393652473562357 110.32719645068848
15.728803454331802 90.30957397204524
9.212285859201506 114.54646957280022
14.67150299213623 94.5146446776148
10.20432914651223 111.01617008896902
2.5543784988888842 142.39838151775982
3.98253681784032 138.86701777652252
15.477751407790821 91.41926925685513
4.978224190036535 133.83266144062378
3.9725427358746774 138.90320745544787
11.399216997563524 106.67075043796868
7.6695303898961456 120.45860669421164
9.591033965499026 113.19113776611896
6.135711558500352 127.56647642832877
4.445840908280273 136.638487403716
13.819126603591256 97.84811813028588
4.65345957830353 135.50149096016878
16.218601135752074 88.51814052118105
3.7303010322643644 139.9652180959229
5.876340171650065 128.91940872872865
10.343142806285623 110.43985006797227
18.13557005827119 81.20609226463405
6.876329767344776 123.84692142956193
5.356451508388109 131.75413716378495
10.955485377179922 108.23134350117701
12.126799899729004 104.02854419683067
10.209157750834212 110.88982893893441
16.76931279747903 86.38920197684537
17.193813763670903 84.76112711070148
17.5333144371231 83.38000677039253
16.57982818744864 87.19203883978567
8.976271629633112 115.41269134037432
17.083843743980555 85.07269708879606
7.8844727379594275 119.48309160357118
12.37677083003455 103.20866936115738
11.156704624693592 107.64978102703165
3.5565982219864813 140.57936359889516
16.9010008711309 85.75540343346285
15.446594657610209 91.43079871208799
18.561005425213224 79.64874617193789
15.753839775545298 90.22963395220526
6.373212973227068 126.40546028637978
4.279452541291125 137.48270466399524
9.699331324603751 112.78550788086237
14.674433139700222 94.47347860989235
5.684386111084787 129.88204433390814
9.257320229432175 114.31411163291713
7.840126681867105 119.78276875150836
10.443609096297095 110.03614175858783
3.873078481411544 139.31760761006964
8.373893225312955 117.66474869982055
9.222729192307332 114.45131707730579
6.458509558409514 125.93643317869532
16.811460722630684 86.09404792288416
12.448119298896534 102.86466293598514
10.68043910558501 109.2921469978349
13.057304885519118 100.69069792727105
7.150283997083009 122.60905210696247
8.320396701295298 117.75682667391956
3.5182430482093867 140.65052595869352
9.002574282375507 115.30804921634207
15.15858591681131 92.51166543169812
10.888447846300046 108.58914585568772
9.231039427932267 114.38634810435686
18.526242179486875 79.71651005235725
10.37886386480766 110.37801474183023
3.7887637714049056 139.69837525981126
6.625080279219893 125.04254071856236
15.48881125809539 91.25364173447043
10.594935714000455 109.61864737410016
14.74420831910313 94.2231046644285
12.079149623612016 104.27060609486809
2.3826318300478198 142.40511688754756
10.631939232349415 109.46724690384575
5.383548870009054 131.5945133342213
3.787981548950633 139.60324739990494
12.999466727726334 100.89748166314297
11.435445317071869 106.51530480414753
4.333265257990249 137.22165611820577
2.8453233052966147 142.28470306001088
5.317957943408596 131.94787142863797
15.740991244962851 90.36172012138583
15.321090485582204 91.98426429800028
8.293567537662499 117.97872434309353
15.469193004483351 91.46448048814433
9.1413520436791 114.7215300618701
3.8387313197608877 139.51216963068296
10.372863617674222 110.41834319955714
17.379976984843246 83.96413257748014
8.693395329480303 116.3358705876458
8.30403896522295 117.94943755595502
3.975224845823056 138.91814647607438
12.064433332064597 104.28043815808056
9.79193064705217 112.47337005246199
8.73388256020293 116.30557374139501
4.907996637887374 134.20025890496478
15.237752968342269 92.32533169751167
12.807781385416881 101.69833536124085
5.1469782141587554 132.88273287178856
15.730011515880735 90.3145897777833
3.7560904409421494 139.8246227946111
9.573111784518133 113.17864259583241
8.984669790495674 115.35847826519178
10.175557823636465 111.12163011452634
4.164875291175894 137.97574654296386
7.284367383125613 122.01741367728239
15.931965901623796 89.61751103101639
5.774682208521525 129.3854105861939
17.110269179895017 84.94397983628878
12.058439848410977 104.28677196778219
7.273658713503872 122.15393917943938
4.300216944598382 137.4083889489195
8.331529909342503 117.82461395814764
6.3494377808656886 126.49574971678241
9.766450537509115 112.47920868684272
14.96642817144999 93.39120027108383
4.401623098170643 136.85637439914655
19.28005905906122 77.0839437168445
6.214488669406451 127.17351416247547
7.885498185553288 119.57456354220282
3.405844288929973 141.0588460501711
3.9720042588276727 138.91216002816503
15.755355835559763 90.21260829726631
12.552060456731143 102.57940007064785
2.9944666196881324 142.01090806093617
13.591281617106988 98.59226316812625
13.295651995356856 99.69126660769884
3.058554232832242 141.91747512949144
9.192220695653837 114.51127024451665
15.286290821118376 92.11994233592647
11.958122875223166 104.751583926342
8.916301414894797 115.62187704608641
5.686259074726543 129.9256148350296
4.104071867750836 138.3247539925213
3.9538075065795755 138.94375763346773
10.548158447047598 109.77310758439714
11.74406394167758 105.55566981359917
10.43494820025701 110.16337964402945
7.139244437217892 122.63833889410097
18.036576646056883 81.61227521884358
14.027592659595488 96.99562577596237
2.8297933151003876 142.30829409917965
4.358273224615279 137.0136135037817
18.45098858143183 79.97349865322713
3.8556400193045186 139.43983954400844
7.026527924453978 123.1818098219193
6.868449272822088 123.99791294905381
16.74992450218079 86.44364169943849
9.410595249590639 113.83269775153379
10.725482840633887 109.14372250662352
4.810498214846566 134.6503215369265
19.18030813710736 77.45940362912903
9.469955190342349 113.54366810477532
5.451252603650949 131.16047861588032
19.228984381085887 77.13613913736128
5.200843347826464 132.58663281124413
7.155826928927251 122.64608925011862
15.878106751034387 89.8316066094377
4.999282284448173 133.62999431152411
3.0299004904517655 142.01206593357708
13.707893373978077 98.11232003135272
9.741273744022488 112.65796944124588
8.547966466177764 116.8827313723873
17.485132447438925 83.65995081225807
3.184161808061301 141.59274358845207
12.79962254768632 101.58139268806806
15.054251436611931 92.94236695496856
5.676510819238881 129.98555814800523
3.8371977007122804 139.50170935997383
11.861099196438778 105.08287346093474
10.573142741493266 109.70635499486946
11.970758096057525 104.61873898104781
8.019775631439884 119.02910205886565
9.667705813245023 112.90965153643808
11.931364467994612 104.72603928503653
13.350733774990188 99.51123465694948
17.843188987904146 82.2659411322529
5.2674225228817875 132.16670443065175
12.745273304943986 101.85124106592843
15.837347940583705 89.88818962819589
12.13806473549881 104.10979975707542
4.391964588857482 136.94217522539657
9.382472180241992 113.97264760043727
9.865517827733733 112.07387442864339
19.16805167114278 77.36255990051123
10.18263866673766 111.08706638441586
3.661587589125876 140.13331656779448
17.47495913325812 83.73483930475724
7.2632143398626905 122.20477225193399
3.6550846333483147 140.11509608683247
2.2943324813466486 142.32202597598905
16.32228736242433 88.16063625728641
14.201827183440558 96.324675533939
14.214523795860952 96.27184697880793
14.222655579672242 96.23740642663797
3.3798072328373334 141.07008480546435
6.914792636531272 123.69478681878202
3.7950333871287647 139.69396056242294
14.488899442418578 95.23548937622601
12.354409725222697 103.26158906796445
6.678407456108275 124.81003989226826
8.184417459833094 118.39135073537177
19.013166942787763 77.9187341693356
18.43334110178506 80.13334173952492
4.285455779963712 137.4678592586035
16.07309475256547 89.06833696455189
12.47652175198841 102.76049135168567
11.86384620978002 105.07438157371514
17.565166264921874 83.34131288393635
10.59854533115226 109.5444449827297
12.39499372573348 103.11616765494297
5.642853142328846 130.17945993485733
4.986974311983444 133.78560254022676
13.31857707033195 99.73267410418471
5.737050987218736 129.61534438420753
14.106954291238118 96.75315739072123
2.4636266794827155 142.45369826728944
8.386030029711534 117.61160973627936
5.901680589321507 128.79030839282635
3.5989279806916854 140.43382639860957
19.19483817282596 77.42246010120768
17.39994589887044 83.88837321694149
2.5945537641049308 142.4502000137786
14.189863107911163 96.30230149282258
5.88972613874416 128.79464918345036
6.453419779713041 125.9758304111919
7.720283022178631 120.27691430482406
12.86232416773553 101.39971261647453
13.821947494942812 97.81718322230319
15.494923362779653 91.21276636668762
13.36420454571584 99.51398398858194
3.2943571686898 141.33380877612194
10.743198475346508 109.00372338654383
8.509237740207674 117.05517063488287
4.311499989736928 137.23175178221095
15.936651432334255 89.61716120566531
9.061213132125141 115.09320717960121
11.906717307004458 104.96773164925239
2.596794134277732 142.47781650804367
4.818815994352837 134.6187485672119
6.833942519061124 124.05589526921634
16.966463031480988 85.63793971760165
9.879949012593462 112.13371919926661
14.909102997587977 93.60868077931069
10.997288885128562 108.21524168079198
12.984103223187152 100.82408239194471
19.043768047087987 77.91332665774668
8.353252125445447 117.66029458549127
3.3474971142474663 141.1937012594546
7.7884521352587335 119.95459705141894
9.54832623232556 113.26310324608954
13.488888775882897 99.14156287609008
8.063692466697638 118.83334767578808
15.498384183375476 91.20195380706859
3.0252219833549625 142.01963398624275
4.911364590702626 134.17903288225403
2.7348142232581214 142.32263693857405
5.844912882276755 129.08401880132465
9.687037399366336 112.71145330302055
4.102573106636672 138.2621303275599
8.202115405444655 118.31994201969235
3.561479633477808 140.53556645036315
4.68401984159101 135.40966919618606
8.217216695073992 118.16859082061416
16.308687565314468 88.22038494911601
4.335469111875382 137.19264524965402
7.040272355978398 123.2036566614503
5.058761626632045 133.303479153906
13.728224394309338 98.04670314243666
17.23935591515556 84.63434128830158
3.4225239406282477 140.99175348952758
15.932083482119083 89.51098182093534
12.740616909223508 101.90058861246035
6.637276133999955 125.10838179133019
18.604451938489824 79.49179653546297
3.7073145657032347 140.01735685458706
4.250243803364859 137.63495752559805
9.90643063741718 112.08321624365259
14.385576362585748 95.57457114733619
13.32724577038721 99.65867618819553
7.548032799258465 121.02621064413705
8.60695597634255 116.79517649226426
9.238897030677112 114.49356218378722
16.998126522380232 85.50381002638784
11.735870766280254 105.5501588325402
15.841085543584365 89.95457022034319
18.840448478957157 78.54493632912613
3.7977944476973198 139.65218845923314
16.57091392104924 87.12926489773683
13.644587202886722 98.38717928783353
5.003909805312506 133.64021808058743
5.761179441333659 129.52895723096063
12.935373911905442 101.0436519980428
15.282274354642167 92.05606225597175
17.122332106283285 84.94623768793855
18.443939994926687 79.94365879713567
5.719114238742852 129.68673831853408
10.006123809658751 111.7228468608614
14.51286297167949 94.97615793092741
11.896816613087065 104.86518847732663
6.967858899179004 123.51636110837708
6.913878005952881 123.79265908320318
7.719615518747416 120.23876363308558
10.682088354125112 109.33080023557072
11.475532982217588 106.47136476920453
3.892952576654369 139.26673512063405
8.538003340138978 116.92840575273286
13.076575600322075 100.51409032326822
13.89119200131389 97.57192608848864
13.756361510885297 98.01766024762038
4.504144835712024 136.2549852036948
3.7472334039873565 139.90222982425757
10.33545845267764 110.46965420246099
17.43536156026533 83.88410879664062
15.498806640730228 91.2975497431489
7.054287846963193 123.0705702873927
14.484521910173653 95.30369053833424
7.921485100858918 119.44484238948029
8.985328969644037 115.3739395602861
4.561472610912429 135.97515941265212
13.745305822722154 98.08149844707532
7.666387452851743 120.45204870065825
15.615739923026485 90.87729617279355
4.681979872024531 135.34101473925674
11.01051460977775 108.0495032982608
4.768647622673045 134.8741851260312
8.976519797315644 115.31735161441028
3.628046061975014 140.31933003933557
15.751973055115682 90.38435037261853
9.414236603070819 113.71379162198907
3.3455388917399347 141.24747582116888
11.893664831492131 105.00601288960782
15.244538299402208 92.29502992414325
3.8283454762335114 139.5349230598562
10.79512743284955 108.84205973028511
4.645967463602666 135.51446406086458
12.360203426087862 103.28430800731432
4.8253604414777405 134.57158619734483
11.61376810433275 105.98635409195793
10.967661721922049 108.29077439392006
3.4485388853445613 140.887934194138
17.431737375618532 83.76129176748435
7.070536326823106 123.03510982187522
11.101382481392902 107.7345077416403
6.716562847096915 124.67873220767181
8.430489504157718 117.48028727033004
6.962882018568715 123.47496839324407
5.747086170330962 129.57068991720948
12.817082730968913 101.55787062854598
10.31427783522777 110.66873438993265
18.08402297724399 81.3957998426114
7.5209174884026195 120.99876167187112
3.233065148881391 141.55597250964743
15.38733929066183 91.6021638629422
9.170072380322395 114.6904300954471
10.823367042158129 108.84733667325708
9.169884043422861 114.62219444351554
3.765932994946497 139.7997309963904
10.944001508717566 108.36481419040904
2.8533909010831 142.29448831560595
9.294379416422709 114.16987519168349
14.907017764733489 93.5574313653771
6.191362250839869 127.19249834666871
11.447330311914168 106.59367060990763
18.50446273393932 79.76120516807566
7.766983809782783 120.03975735237823
3.1248157194365245 141.7890054646446
13.212195857086275 100.11937400354188
6.831797455423635 124.07744155457245
6.640504915211271 125.05720874771973
8.084204019913258 118.69357027600132
10.945460859555102 108.39870783252307
3.918432556130506 139.14886861290736
6.440276257357018 126.03593139193138
3.8347623277103193 139.5053110829547
16.722154694585683 86.54691408477213
8.450177993906323 117.30009765181683
3.9606713980589334 138.91388944644996
16.03175116124442 89.24410203144156
3.9920876317440803 138.7283588324357
11.98376895015559 104.64579132034525
2.328944575086392 142.36064472390152
14.299095388033733 95.95854635064902
10.852089980139814 108.63249956363384
16.279160293502184 88.31918597520871
4.074499852918221 138.387737337069
11.616262267582355 105.97566224672062
10.23797849913941 110.78506363696164
10.199639973928022 111.0249896295104
3.85586451480769 139.4332963318079
10.747161874519534 109.08830228762385
7.751620825511279 120.1215819947082
3.402024613703067 141.09940115530858
8.887287127013282 115.72812541046308
4.092756826150077 138.3960641658483
11.776243538113661 105.38996345733253
6.236398442007411 127.05162219965251
14.08149863427594 96.81311302149092
4.969444672965803 133.84973390318012
18.104911724526353 81.24488715700146
4.519961233265136 136.25131942818484
8.859813351727112 115.81524177711786
5.69944629956754 129.8857889433
10.736191510255628 109.10475886047759
9.909188576379666 112.04268577410322
3.535150837284581 140.63277355390548
14.589660724203629 94.76627503807197
18.793774225004597 78.81273625783562
8.276076658586888 117.9417167626431
13.38431705362223 99.44055022756034
6.902537731369726 123.75778987180021
8.776616306760308 116.11899365132751
18.009438443423196 81.71657490820118
2.964238287179385 142.06464813282713
9.875125090680584 112.1727961691178
6.410824164224243 126.17724112529822
14.114113174491052 96.5805136528444
7.213638032800764 122.33519305535869
6.192032875877153 127.2221300320407
12.072245671521433 104.21658025015513
8.091624077540683 118.77395619998599
14.175531814445659 96.43391219515273
6.53110823050237 125.60701594879852
10.721555860198338 109.08291694806422
9.998183484353062 111.72944919847338
12.412534030238525 103.00256310395834
12.315144083008636 103.33010310204159
3.556318968310172 140.5721305902277
13.36143880273818 99.5212440963963
14.08001691192824 96.78296398876874
10.010720894863905 111.68654385823075
8.06113951320039 118.86052565658485
8.475242929842123 117.28786361876418
17.458331378260752 83.76038764140091
8.729467568685168 116.30167146423926
5.411741134958909 131.41526479517367
11.203645255697426 107.4273216664489
8.677708738712917 116.48211729286876
12.328712664057804 103.27206904714406
3.378856053454544 141.13257543824997
4.227623345115389 137.71172694524898
15.700588297604105 90.51176070717688
5.247647408564752 132.3156610505662
9.189938281349287 114.59453360519191
8.252551714978754 118.12754300371459
10.446371197401009 110.04342896554911
18.12682227752883 81.14653326683285
10.712699343511224 109.21196801279032
16.66016167911427 86.79466434010286
14.8731962035048 93.77412846190222
12.482069886509432 102.69266218695783
7.178995489175773 122.62168523654239
3.7111100484831017 139.99054840761184
7.022784078241179 123.2535437273617
18.285358244449917 80.6399184105981
4.23322649794339 137.69112173935846
9.558743031779795 113.2151426831679
7.3695971139114 121.74761457059823
5.7206987139570105 129.772617978666
8.794668554660767 116.07619670767255
6.15153523980096 127.52641896207102
12.795154488865375 101.53832228938514
6.6233568925356385 125.02260560066829
3.883579304095817 139.31253267892012
5.69017434913933 129.8234411969254
14.483002728553117 95.25489482897585
2.945331499617375 142.1804797409764
4.382845597126682 136.9079219036962
18.825521999267718 78.70881349297602
13.221147582758512 99.95506448512076
5.1442010252921735 132.88948795004677
3.3434205568544164 141.164389836728
8.21134963646619 118.27760822509374
4.131653338446407 138.1272898996293
14.438075533464172 95.43057367130716
17.702304662771255 82.89643973860885
10.172225509157174 111.08218361085358
3.693723613143903 140.07319095146687
9.11591199474727 114.91108120386299
12.107223267531227 104.11943966270067
3.952031702926736 139.04344307717338
7.346860375835838 121.739819870522
10.28898502204889 110.74746480239669
9.21061684048963 114.48645235306029
17.820357561111138 82.4258310261681
11.916338096910945 104.80747468507444
3.4833959093199174 140.76311552344825
9.739653630472368 112.69269576623785
7.151419221156985 122.56052985263203
10.921186210222587 108.45184679606426
6.489248273510639 125.72883893197478
9.762029302779213 112.47775026002695
11.83312024123701 105.21472312846949
7.580468367392253 120.7590820352034
10.476887498069676 109.96031834552011
9.120409188558197 114.89446203612776
6.112682950257284 127.59129431978515
15.881030655386239 89.84351052560974
3.7008434763209674 139.97119468959704
16.292197160984163 88.28120282546935
10.998516196581589 108.15786539609682
11.062751565746327 107.8365877645097
4.038502532259026 138.54086229849074
14.907428776199318 93.61827880443616
2.4403062335888692 142.43248209881395
3.4296071249339946 140.98740284466834
4.034247132851572 138.64506590905472
11.120055928901209 107.79049457916636
8.7651241140151 116.10146296683241
13.033996893532821 100.77704320001817
10.602177319814233 109.60004750508133
4.021542326215246 138.6914744299258
3.612926302843099 140.28003627630903
14.99769938051982 93.16986675687747
11.457262221892258 106.53110853391651
13.493201794935718 99.01371402806349
4.975548713501054 133.74665860255132
11.973541528136245 104.72550469277466
4.700063596119525 135.25321350325262
6.915018952971318 123.75861762756053
12.743620934797814 101.8457818196045
13.389123286434048 99.43750034175302
5.0705214970977215 133.2307253351161
4.586704552772953 135.92379913857206
8.22989093598422 118.21327485031792
17.152114309257918 84.93283100089212
8.087479625215618 118.76191925163818
14.82327547923986 93.92623350997641
14.171126187746108 96.43457735603154
10.024846162328815 111.52970877724051
11.666600246525261 105.78578837852356
15.043571381712496 93.06906285747188
13.137327257113146 100.3527272211844
3.603450407485009 140.33466815648936
3.859561666996365 139.31456757849756
15.446367820902484 91.51708978654128
17.993654562599975 81.74700848196596
8.822864981752048 116.0013143740704
14.110461935924985 96.71786198364406
3.087267090627661 141.82467779621976
7.512346598670873 121.12045162287163
9.240342334287334 114.45149445354014
11.518396795694532 106.31427840521562
3.604328359192082 140.30343515789062
4.111182236042771 138.27852284788457
9.306606747397307 114.1885194047609
13.154611589920485 100.21161457252238
9.193420953187596 114.53690111038047
2.2822596322750273 142.32073014405475
7.271211894612989 122.16346822491815
9.056126995302417 115.0960156366451
18.298206775032362 80.48905869150259
5.395881295054662 131.55047475692587
13.579839890326571 98.65606687775784
6.613345901870452 125.19566075286646
15.628542670053244 90.63946913235128
10.717521704621067 109.24854693400773
8.889252178034091 115.71243254084058
10.220311249320869 110.8450611482311
10.861805458763746 108.69372885430852
9.175962330708039 114.68641449458609
16.882021506227773 85.96714384966137
10.984223923191957 108.15954061608792
3.3001703795929007 141.38748972260143
5.6276826570983 130.25898854037598
19.116421347287062 77.56775340917099
9.161465071853168 114.73204945799068
10.43750063348658 110.2049448082792
7.7468952341895925 120.17350396019702
6.633268512074276 125.02073329597235
11.313546600054245 107.00392459505142
9.534326349371113 113.31184229359529
4.8619524280931925 134.4569272431893
7.194298642664276 122.49633443714959
3.6286736348619217 140.33117483009616
14.752321373278003 94.20574396549134
9.75355362203259 112.60216983418941
3.587065747560311 140.3970947367459
4.183550429554156 137.96328586250067
3.8930574105915396 139.25355508099818
17.62658802648255 83.1299678689269
7.562505605532457 120.8324665250488
17.51483348865575 83.59453100804684
6.384672389108546 126.18899230082403
7.369181420036466 121.65178213287211
12.582145455494528 102.34756933235019
4.066585280862606 138.5181335049056
10.723012609697482 109.16516532250958
12.511332862341158 102.59030131838405
13.429070479306635 99.24660163309082
9.158101541313181 114.72103242299039
4.028263144083081 138.66579922000338
16.036797757723594 89.14567300272923
5.110094357375796 133.01313396674277
6.1824235318595875 127.34216939863819
13.32628327518242 99.64862733180773
5.084529184067343 133.16180974095283
10.037453288708546 111.52908303330265
13.234657893827713 100.00996982032905
8.46865946264135 117.3257432990335
16.81403812870881 86.23909241140764
6.267521374788935 126.90155205115573
18.683957164011655 79.11275953578567
16.639546592630676 86.81599875940127
15.405111634551382 91.69368999986769
10.162297241052832 111.14404849970136
17.200125651143622 84.73991586934359
14.70053913126023 94.4099212561418
3.8781817870676507 139.34919043401948
7.014251168049945 123.31330473698536
11.474226069809784 106.50507364440777
14.762242877902528 94.23569837706748
5.520177925801411 130.7831747298262
5.41215500789697 131.41556534934855
9.364137947259914 114.02162314958882
7.6195638820755205 120.67354727330492
11.813205435048362 105.28509468588972
10.56309585235828 109.73895773216682
15.718153574957705 90.47853961661808
15.239058840214716 92.30148691178542
14.976276838599558 93.40416844466199
6.617183396265339 125.0692604774204
17.335387963745173 84.21337821300881
2.7652105371934885 142.3666114633404
18.845619939679118 78.51026173886919
12.664351910801916 102.0736585460114
4.053864475995173 138.57263235291018
10.887784505010258 108.64490604580321
7.992586962841404 119.10161937600977
5.153989341391062 132.83980782307543
11.248590139887432 107.2862582889631
16.899814660824454 85.92581641883683
7.820890824998592 119.83243902424445
5.540796133891075 130.72015689545512
16.628774970619865 86.82960745827013
9.993064050398928 111.65584791545267
7.281864375325477 122.12398723142203
10.136746375105531 111.22063561600031
3.766062671665305 139.7139104616699
6.122425222666646 127.54627524608316
10.347158232226477 110.47552732666507
12.925930013009566 101.07297573856349
12.210962561506669 103.81921560470757
3.450373999512723 140.9173786490404
3.2321552007121044 141.57446890919624
16.35665208310913 87.98769689235232
17.095211592750655 85.15424827609806
7.899486102351137 119.51971486884717
18.426615081240445 80.14167103186301
10.486476551647788 109.93159324979037
12.661367655399383 102.14086935747783
4.17730110426975 137.98345255492293
4.959331449701838 133.90511470523882
5.433001093229715 131.3101693763203
6.505438743524425 125.62274330824437
19.213833145759438 77.3557580146356
14.887587848020981 93.55583251570913
17.522054804030077 83.54252897689666
14.277361726041867 95.9653630178775
15.496039857217212 91.33560433609378
10.189050965872282 111.02446242792496
10.658459356981325 109.40455425923767
8.752608554746743 116.2207189217282
4.780081025170609 134.88309828180735
8.386882228168533 117.59753296123651
7.678303143487059 120.43028562212682
3.9611648719517683 138.96640266605328
10.135644968430643 111.2598062010863
17.09646439731992 85.14203148795708
12.800018991657158 101.64146410610184
15.463121480677993 91.44276914434792
3.9281451732822066 139.10583024048896
15.546451714170432 91.0345599130168
2.300986322880089 142.25897857891226
16.91736120854164 85.86772447030724
14.822127768741607 93.88242897076798
2.9317561550883915 142.11803345224936
16.943687793597235 85.71045580296637
8.611993208003515 116.74872855445221
15.509843599256953 91.30472855352254
13.219316240531018 100.05732434778332
5.023333478812873 133.59883029257205
10.56637145766064 109.75727182836363
2.8748388060526784 142.16893057727304
15.622894644137993 90.82457847780894
9.489880922152242 113.53721358069197
9.568546435641352 113.2543625394301
16.52588891563678 87.38751976783527
5.082158324257487 133.1704863950832
8.426454308045091 117.4034685795029
13.163112763783344 100.2790372500465
10.118494344416618 111.31331469844908
4.526362866912355 136.1685537063893
2.9397274363209376 142.07393574954247
9.817031481457771 112.40586361393831
12.635000489464884 102.2284316282773
10.528914786163911 109.77398461133366
17.697184188281764 82.74460691378322
14.398005557419514 95.59088237022011
13.990896099176704 97.1349006097518
10.582336911903576 109.58378308981482
5.806124065389826 129.30746358543158
3.5632459422455196 140.53889718187486
14.313844976712561 95.89390010390424
10.250655861655709 110.8266090927409
10.227618929129788 110.81066986723735
14.70380641227974 94.4320563320536
3.1566233895161067 141.74000527990495
7.245116828674223 122.20087490189587
2.55329087930747 142.42365763115495
7.764776314023902 120.07962266104877
14.911676241524678 93.61459824757335
9.149564468980522 114.68946930751103
8.13254885338073 118.57427490416457
13.89501909035521 97.41985060312017
8.259546193645356 118.0828983909518
12.47551347322793 102.80751576225936
14.42354549774557 95.4719737771166
9.503552516201704 113.50844414090365
11.51972347827411 106.26056050535396
12.204001379971476 103.89196203282106
9.575256848155622 113.25573720524632
19.66710595509475 75.69630787937163
5.059854188756403 133.27215746719006
7.231428586059056 122.31973176026437
7.464778004579373 121.36587627868529
6.783169596339187 124.36539708968955
16.111699654828133 88.94689336943243
8.351875497168756 117.74818450961254
12.631530304050854 102.24897524519756
14.149688037795496 96.54791091554704
2.843039590322868 142.21779772983695
9.485415984937367 113.54440224530083
7.960810573855978 119.25802087064936
7.06786839416896 123.04811741239435
9.297612880043129 114.16075509696724
8.937937266563148 115.54096884763393
4.086183894369789 138.39787241801517
16.7678654127981 86.27095977640009
8.062960970341997 118.83579152612803
11.498144856050367 106.42983163121932
8.463301225822894 117.22337750334209
13.265953035210742 99.87807088161807
12.226147093964528 103.74381346019644
17.50684217711759 83.57801777334046
10.478099721760033 109.9704879162896
15.444297155542987 91.50247841923657
5.257190678587178 132.17652417607016
17.13567281008937 85.00934297864737
12.817589471687542 101.57083880212414
19.372830069843467 76.67217710659109
2.650558108398748 142.31161497645613
8.200777797243834 118.16217571347177
11.785476208332163 105.34366826016674
14.679988557968741 94.54267751331881
3.403761657413876 141.0776774937181
11.408559964529816 106.78754283405404
6.72341269134896 124.65455484150615
9.137348063627169 114.8314688373448
2.920644993384053 142.19775914247282
18.07785364311512 81.46855735673954
14.57599121122488 94.74674640738161
6.296429528064083 126.76341538153673
8.85077266028189 115.74576449154583
5.9209637905487424 128.60047147801146
8.38302288253116 117.62141470034491
14.134141399033563 96.46788713470751
17.30151125414259 84.25380521308813
15.400418820093426 91.56468574275898
9.251937540032838 114.39898616105441
7.223574104920281 122.29743162591227
10.429174789831295 110.14214869420107
13.225102657648687 100.0492266299734
13.046686222205718 100.74748049429289
13.378085287371965 99.45724822917751
14.720417518711402 94.30500074996397
6.336997400276841 126.58679792329866
7.1983572508224265 122.3948013243361
2.619598799802038 142.44350406093184
3.023757104673346 141.99546154719474
12.062623841079589 104.28570278325846
5.810291669626572 129.20197892428615
3.802035019475943 139.65188790505826
8.706691810533737 116.36369402085091
10.913308837305967 108.54137252323565
5.855186347985626 129.0004302508864
8.71778651877275 116.35720500694421
11.137938569538553 107.61577406121233
6.0278774977631215 128.0594246920626
6.908156622294995 123.73414463433761
8.682003028129323 116.49471100550774
14.090177739684766 96.7600849180962
18.571845722557565 79.60776610290561
8.777362890878619 116.04368265849236
11.904430210290803 104.84189552877392
11.60914292467297 106.07071127274502
3.7440085247836272 139.87247988806268
9.713228194557903 112.73973988528202
4.602563092008005 135.81768873348878
9.23140777744848 114.47629756364364
9.316644791981762 114.08423696031497
10.692328262568735 109.26706796914463
3.576587686586962 140.4292293978693
13.123864810670346 100.26232693063528
14.418369874882185 95.48140920736058
8.311147902778771 117.87469810876388
14.68997457578537 94.44046692183245
11.0449355193718 108.03685046021037
14.36084699930243 95.73801842017365
18.054184585360105 81.51044155185522
14.548457605155708 94.96440921896043
3.843466536034622 139.47228461354194
10.278390291048689 110.66686208523672
8.78612159724222 116.08860318984192
4.4223513428742605 136.69492753606318
8.951988135750067 115.48495244740215
4.180618461053291 137.8991594266649
5.302873562478804 132.00940127348753
9.086324371884308 115.00322323049107
13.915649784869155 97.44311398896716
16.9176255045222 85.80344898916346
3.2668244730890668 141.47101914762823
7.096031003861154 122.94455925423868
8.685166775880855 116.48539382608665
18.142673793150227 81.2838323264563
11.826760489137893 105.22513412800241
16.831563865718866 86.18815094232535
13.730547909760473 98.1365688407239
10.06476734181749 111.52363364121396
14.146832808777175 96.58509833579063
13.889322159278203 97.37191467578663
9.037822937845677 115.06247181988215
14.563346625572313 94.84299025942907
8.04676503751759 118.82218775437678
14.662124646967815 94.57133609296065
3.7188362836391846 139.86864659055365
4.425984372071589 136.75298376299
3.9843024762734336 138.85722759380982
9.939885930200369 111.936210762316
5.089722235897951 133.20926281075953
5.763928275611775 129.52425676075032
19.483988380910976 76.34569397523752
4.737433643047824 135.0180372520904
16.639184486326606 86.78853254222366
2.9350419056104777 142.08027694992055
3.8668257743872285 139.3730771002455
9.289577866019997 114.26080022025921
10.832829150422745 108.67154697077932
4.219531361781486 137.7975524070871
12.545147139822351 102.59660556537996
4.072229925037948 138.4894626074697
4.002737250984337 138.69685976948543
14.321067332622244 95.77575521403197
5.677282636339587 129.90853744535562
4.013526822230048 138.6746975944267
13.800331413446234 97.77625858334416
4.607600323668972 135.75335535871295
12.214908271578635 103.90617676715729
10.469891458600038 109.95539122789923
5.895344769535589 128.8167719415681
5.386581510305665 131.47957846147904
16.46086482067179 87.57419347313757
11.92119635649059 104.83348001187746
19.383032519014254 76.76279542209492
6.663498665519897 124.94650134189617
3.781155637011789 139.72942102794045
10.062187854668649 111.51381389579555
16.68280164740168 86.73061673814904
10.936394674993645 108.33191582605441
16.247223141804174 88.44458111866012
9.120797308246184 114.78239967295846
10.730532038451454 109.03200011457005
4.102305819116963 138.31486526745618
6.805325195418126 124.17749160498204
3.0891526057271554 141.8827783672052
10.62681147411243 109.4079835331018
5.207268133385366 132.48182809233037
13.076039724613462 100.60117959077608
9.0046641976391 115.28194042006902
4.63988319323919 135.63190683647588
3.047651373299589 141.9758959631222
2.874717973884401 142.17689772646602
10.79563521410354 108.90469324948175
3.8154628681181384 139.53502652932622
5.674752834754021 129.88764153952548
7.287903642534784 122.00439623252804
5.631198626068019 130.22823839930405
2.412468368478103 142.43277279875358
10.691659718602164 109.26630426591339
6.076291266697964 127.90831984886545
6.945559185953185 123.54457378387424
10.172633919284612 111.08996352957695
16.834528350949622 86.0477588846154
12.818350103033167 101.45496038635747
10.349271039267913 110.40331056369583
14.200083246183011 96.32926760756166
7.645745312448878 120.49185981103497
10.14016037161031 111.15796760698034
14.96660818406667 93.27509274434779
6.211400100334428 127.16884325497087
4.22692423542272 137.75381438396656
3.860540680699941 139.29558832142192
16.81574772829959 86.19787584072957
5.371700554038074 131.69323798999088
10.638078390952948 109.36784723296212
5.134889274386577 132.95076158478005
7.837941037350711 119.77243165873975
11.59267437158515 105.93122210933909
14.523917619307278 95.10947341595438
12.145949912430604 104.00218658111777
