8.442134135332658 118.49372638529842
14.869071521351511 92.77821017719369
12.01757178174786 103.58980654472057
10.419141427655944 110.08370815209982
16.59813328544074 87.20297704090402
10.741606976518694 108.92505702660884
11.323401510415952 106.43141569953443
9.100314890020547 115.68175630653298
12.884438665667886 100.13284227955856
8.835989254203975 116.8558539457654
4.23013701840293 133.21731372095203
10.059188511503448 111.62305794768571
3.364063802826098 135.049753108216
12.590949425146139 101.16719208170996
7.110747815676252 123.67202353537355
4.099074046366497 133.54426739203842
8.373596672736344 118.67647810497449
9.78096756653576 112.80863577097479
18.883104185362797 80.95426851481027
11.849214201596478 104.30322607707713
6.797528463991639 124.97646314414874
9.179299327596434 115.45809965636836
14.552926704512009 93.84720747045512
15.066879373698795 92.10116509067329
19.373766551664342 79.95374460690562
10.029552503746405 111.84543847438653
8.00388769708101 120.18596956777786
13.999600177434086 95.85304937170953
5.67223343852202 128.88448039191425
16.977890190766413 85.97227790622232
10.835216138530626 108.48333107766169
17.343201343737366 85.02137623165697
6.947523196438637 124.2769208385714
9.610726097121377 113.64617185976012
13.18522414010963 98.96273314204024
2.690113344609222 135.28987125835198
7.149628459808395 123.58768113593932
6.260617162564512 126.89005708574622
9.968402842181462 112.04582434802772
10.917341952347881 108.00437582797116
8.652999145601374 117.51846257765662
13.919003430323254 96.07527223064648
3.2122908604882467 135.09914253524772
10.435188043656689 110.14070012162053
2.9982383652551783 135.29063496158324
13.171534856959108 98.9055958225497
15.943169345807567 89.23095401807024
10.506265973325975 109.78136050641211
11.33416480814391 106.36445370750785
7.119742203298107 123.72894652524758
9.65756787726634 113.29654852050007
8.538181271684945 118.08549005482038
2.8924316575932285 135.4714503240343
4.178190892066503 133.27048224719897
14.971584024141602 92.45008631567237
2.5201491290922604 135.10267527858187
11.336786957242369 106.30650834072749
14.000588686022791 95.86561105808397
7.782644907433933 121.02801396918629
12.226045121499588 102.7289676531473
8.970147558792249 116.19704412155987
10.209398634769249 111.00853798377427
7.292877921806681 122.95353153542631
11.35011101248275 106.30529134267513
12.150259809877355 103.02833192911554
12.604589803134905 101.12887142441356
9.828753632516774 112.69971198172999
6.996092265275442 124.20372850631323
8.1291983295327 119.62299218129846
5.096544766096887 130.71955578710538
12.951208778961133 99.7384314411247
8.763302136605814 117.16227139060794
11.476052209360496 105.78804253483511
14.977106145278713 92.42589909527146
15.89373975423091 89.2257780810095
16.979170049254947 86.06186152702577
12.316155483375185 102.3913935800291
17.79623066779925 83.63739200423088
5.127724928323021 130.55170859823247
5.845152725676435 128.34333013649535
5.7007997759325475 128.71715547750915
12.178803775777718 102.92592425292436
16.195604263837378 88.42237706310162
6.249385363792276 126.90558736048723
10.434913862590243 110.07459298450118
4.978070971205286 131.08860182402694
5.107886861616915 130.70711481511265
2.271678916080674 134.50298593870932
12.390813895206295 102.05184126918614
12.086114967288637 103.20340473597948
10.256840283547252 110.85189013325363
5.822648807386897 128.3946411393992
10.341891562519393 110.52296068800129
15.766751778784494 89.78268772213879
9.225383598001843 115.252062378816
14.662559590746843 93.46918422522832
10.010897265606838 111.95092806264957
3.3800850557775273 135.01446016469765
15.573330823500346 90.39955545759656
4.9375306731794755 131.220382511915
11.22774925723147 106.75657097268918
7.689721978489632 121.51974523486777
6.629669820543713 125.53024652914758
9.278843703282021 115.0125748997355
6.45094252516298 126.19279110850972
6.441726243376344 126.21719019496832
13.75728446574654 96.75935816824712
13.472259980350174 97.86199289350628
4.306466269882789 132.8860488219474
16.31702017244957 88.03091510456387
2.9433843327980065 135.42937766666958
6.031905930395932 127.68512142063956
10.414417917404972 110.13399431453851
18.160896688849157 82.83454405527594
7.40015451572665 122.53417470047795
10.37020609037364 110.47630088413155
6.090461797450883 127.4820749034831
4.949361560183235 131.20227535465827
10.136209458861561 111.44929329055013
10.079184999717585 111.62802940936518
8.053929643714985 120.0399150201421
16.812821742877027 86.44639472640915
17.479394935483015 84.6851275531788
17.495766718782676 84.53419515909837
17.34451762096338 84.90205622423211
8.093695783435535 119.88605591819487
17.13647922499068 85.55419226762015
7.8583084764194515 120.74899622543346
12.163107299924445 102.90425232606891
2.8931779815777006 135.33920155997225
16.977197194218963 85.94658791494706
15.543405026646509 90.56213063061513
18.896347078845366 81.04080101802697
6.124733910488949 127.36771650350246
3.8334486518226987 134.16463584456582
10.091708363001116 111.4645328653515
7.173760555797065 123.54580556327946
10.03823212942291 111.81130340350906
5.547144179967433 129.22897460173095
9.340304484918567 114.66377931623576
7.309855296683843 122.90658103161694
10.205739071920329 111.0304390215991
7.842462163474839 120.91318256591406
13.753717510544352 96.79058870328706
2.803903202110128 135.5123749629933
8.189253868170251 119.51743361338872
8.070508493550596 120.01319033416644
9.26933529119404 114.97208877424472
6.494924393880517 126.05399420512953
16.896514082673537 86.25050361581759
7.5814490719657845 121.95316899062374
10.481645345987413 109.85971153081935
12.948595994680884 99.87740325718045
7.18111714076774 123.51753376237085
8.382783559399158 118.67368442928345
3.3692664796087533 134.93989809374085
7.3276239986996465 122.98018724175526
8.982425875999315 116.2597958915794
15.171245069958868 91.65809896573326
10.385653878276702 110.41428818175515
9.128835964143065 115.51845684722414
18.539003305099374 81.76246731350147
8.399815562382537 118.43151659821719
6.426246979278748 126.20363569439328
15.472654865614532 90.64868530586114
12.248516523059235 102.50988829525247
7.904991574922543 120.6523261777118
10.338735618783035 110.46041585692183
5.4086463226747465 129.75733405980606
3.7896313177584133 134.31304062730675
12.982476866424895 99.78493357723057
10.653734806194995 109.1617459028807
4.242130358989227 133.0330838659897
7.605849105808761 121.89942399161518
4.342952772226473 132.90090900869197
5.325908413934012 130.08852012492875
15.540502973537144 90.43036965119755
7.253904149760128 123.21815224149093
15.339589123150615 91.20672572048441
8.160425315849878 119.62062223772281
9.19487770268674 115.4092867020983
2.8588812208583763 135.3347523727606
10.393301292879528 110.35824221881764
17.076693185010473 85.79308356546854
8.740267285150605 117.13966577496335
8.129495402376989 119.77557023266425
3.608767413089964 134.53990483104255
12.041694512918323 103.40344817494602
9.689041990730693 113.29609522567895
8.545568552448637 118.04121004876153
4.900532097373459 131.3555727651967
15.182481811274048 91.61212403121282
12.563695723087875 101.37385510320016
10.975487068070843 107.88792833011928
5.617741382302001 129.04173427790226
15.75362022258507 89.82075463287771
3.797870536845266 134.27616115191447
9.685121253507285 113.30340706822834
10.386418151496075 110.30039293083088
9.60246112478445 113.53537083870177
3.562269920081093 134.57098508899506
10.464238750275682 110.04231050984917
7.246831630941786 123.15868685892451
16.316445796932765 88.00884161762232
5.923278461449345 127.94252882650721
17.165302054366595 85.48107137856748
11.46875909704657 105.70926777831248
7.271528217361374 123.0450133282932
4.089586444985646 133.47452404211487
8.176511472194171 119.56352679873204
6.059475434934902 127.5633920526981
4.7129334576767805 131.8846860722678
9.815911865414144 112.64922873458644
8.137397227874487 119.72695436309903
9.843325289649636 112.5302191355717
14.977286157895392 92.31952016227784
4.257652154969522 133.11629302837113
7.93995668450806 120.51269659145366
19.353168113746452 79.93336974376388
6.226823435656611 127.03392892027593
7.196349537851999 123.41736546113836
3.1639273624178172 135.2854614880813
3.1992235573470893 135.28011063834504
15.738466906187908 89.74230506611805
11.926170115494807 103.88140814687713
2.8940890353158033 135.33526972011077
10.933418743873967 108.09486727019625
13.518929031625952 97.58317223445829
13.251179514218714 98.57370764316602
3.5106291908718092 134.68104704241028
9.213898168736451 115.13537837931833
15.314771314361991 91.27039886149905
9.718814828887119 113.169719585821
11.684490170910102 104.94410365670146
8.886365732955074 116.54864323498589
5.819441877418068 128.3818355607025
4.161412909777036 133.40788970341006
4.975942556133501 131.1148584338286
10.52118464900024 109.7797049948915
11.713185014437162 104.89531287446069
10.092202617295468 111.62323532392006
7.076821160376554 123.88173151555345
18.267806494055947 82.62227397393319
13.986438445709325 95.97322669760042
2.8553459369511023 135.41301470905066
4.529489415524892 132.406650131671
18.572016370356035 81.80456830179249
3.699487268550649 134.4481421924713
6.9690841295613195 124.29445645018411
8.219335745327568 119.29837396396438
17.080082208666692 85.77473497944837
9.42649567037379 114.38941277151704
10.546395780153633 109.73143895067736
4.631742825011208 132.0365841814019
19.33783686580332 79.9171422818795
5.121340203375346 130.54793442613487
19.324512810562943 79.93825374910557
5.197190548457361 130.43706442542984
7.195060314545257 123.42764835561313
3.1722800648919915 135.295069367442
6.7457300936758395 125.02048201297369
4.4510359111146744 132.53996315313915
3.1125666672863592 135.2290459913222
13.642707996032827 97.12019809077108
9.465630205132927 114.22812850331515
8.555476009845849 117.93542976055885
17.57611061580187 84.42915270675942
2.968792645401462 135.3457792619961
12.466162181978785 101.76911340586479
15.018240588993102 92.12385446731744
7.775711300085688 121.18594779740599
3.2887898492981402 135.1238914470574
10.624859950051256 109.36919233607262
9.813013974446205 112.75296919609409
11.979450728425986 103.64280262185076
7.978218210103066 120.35704401869243
9.39337334890469 114.5225829065742
7.289136676932273 123.09219540663074
12.126155808343311 103.14111118789869
13.332226813138925 98.2467194822563
17.96469126095093 83.28690272404897
5.308356403406205 130.06730888357086
12.731167807650849 100.70553347842753
10.507579649213596 109.84175711420886
15.803736567497037 89.57147943464332
11.96293327017641 103.79388282945982
9.200836328405916 115.21113773985698
9.371111615219386 114.54344924969863
19.282070413905394 80.02227219055622
10.192894703479308 111.20066600828288
3.8228052757945807 134.08828522991269
12.442962405669565 101.8444613520821
17.638393940637755 84.22450364459675
6.903129275719914 124.45067071435412
3.2591135207960327 135.05309369396295
5.37906572342544 129.84393307911063
16.542780966614707 87.35122415588106
14.199107224018586 95.14135925763792
14.15185859454922 95.35775826354697
14.245609789637319 94.98866788256683
3.5027194312922183 134.72001068855621
6.913789040179898 124.44552680355793
2.913703842154473 135.3294902111415
14.637758430523924 93.56168839500154
12.16363381081485 102.96955634301607
6.563346096918417 125.71187979312371
7.971639945579076 120.35708836275103
19.021215483770533 80.63282212944463
18.6007039301356 81.76372619205361
7.67206981643376 121.47135108559547
16.100909303180906 88.69221312316795
12.134913994439234 103.0275189547081
17.612383678330545 84.30687519698263
10.612072290787166 109.31404803565972
12.437486068088143 101.86680829405161
5.766833710461049 128.49186795141202
5.207548037396273 130.2877579801643
13.260408022295788 98.63748425365068
5.451539531275513 129.5346332704599
14.10092126724095 95.50304910795148
2.558407321722453 135.269389230402
8.220907473983607 119.28140497087807
5.913176944208141 128.09804836709267
3.1485111807762105 135.20393739992622
19.32765418680431 79.9403366880798
17.382861348851552 84.84569492576686
2.5750606673862455 135.27697699153813
14.438389775141845 94.27109725361468
5.9745354932459085 127.87845658896529
6.432738879368146 126.16176504885105
12.755288457750597 100.70907607599693
13.69281913826801 97.00570173149707
11.968225432999727 103.80485552040152
15.469055653816289 90.64907454815318
13.48629055909764 97.79584633944597
10.76453777443825 108.69055579056067
8.594533544988602 117.74632205915185
4.445019535683211 132.6468224801008
16.016451129361986 88.97502967460647
8.814369530833648 116.85366630554172
10.554164937393173 109.68520287892301
2.6243028975652654 135.3268542032143
4.521382344428319 132.30824081142916
6.8147607700311505 124.74390319244318
17.504529067020023 84.62164164263376
14.898520753012054 92.51947244956841
10.759989074127173 108.80799856617197
12.677621858203757 100.93421578856544
19.210582513305635 80.28408443957694
8.223110287333384 119.41931006596889
3.2381953133563885 135.07718729912906
7.521963746703612 122.06452184885563
9.595290275374916 113.58603146207966
13.01031743042424 99.61476325239943
8.070961646698365 119.89607274831812
15.446869358944333 90.81651278626356
4.838934745471367 131.52224730007583
11.340367439404192 106.26614046605961
2.2906952005868866 134.57555745414726
10.056041412317619 111.74631472208965
5.924777352630429 128.0209094136202
3.5504314891959994 134.6283071753964
9.588951333982928 113.57953259393771
8.106355456850771 119.74763347575386
3.1536579287834527 135.27735637959495
8.107419404252825 119.82455070893343
16.510374533470902 87.44911612877272
4.6098450185668485 132.20698361720244
7.3141938088529 122.99752576866314
4.732282993032994 131.73516283382693
13.71899068355548 96.90626510723128
17.249052664143072 85.33822561628232
2.6543858152579376 135.3462719737582
8.000209404595674 120.26892744716062
15.949618583947347 89.10061451208628
12.188237269320028 102.8754114430751
6.856874877783714 124.70398861259643
7.642953556087305 121.69478108834954
18.72512282378674 81.33032460832692
2.860820648696031 135.42290343411577
4.47193870562435 132.42992583531202
6.387591871185133 126.42333094199071
14.589095713505031 93.72838510190996
13.705398170193115 96.94210496080557
13.232907713358028 98.75656283231213
7.520797826836619 122.0757704583841
8.546523763905933 118.07012730207848
9.397479301421562 114.41084573316787
17.21511248188374 85.4131165723403
11.676477008129456 104.99416070817078
15.851168331189152 89.491647811391
7.400542115146958 122.49820674184552
19.04782301337239 80.67056385042058
9.483379136976957 114.14343135141222
2.404347290800129 134.97392476803066
8.077698072596547 119.98683025489474
16.71601553598215 86.85303343899861
13.59483296427883 97.37709553996497
5.034923742015434 130.83401765655606
12.913739100772448 99.91344265901837
2.670527347593236 135.24973988532992
15.317043843580654 91.1916462770057
17.20104132225737 85.44822228538906
18.454652306422176 82.02194410876989
7.922805540226356 120.58985032627903
5.644091379403118 128.89359063239525
9.684862680471186 113.2880098256631
14.438645746839551 94.16997555512255
11.856954744113713 104.16096787356825
7.082481672716083 123.87285284960063
6.77450557869303 125.06585583914438
7.6255610076028875 121.75785804813205
10.506287304300784 109.8847807052744
11.446354289749742 105.90301682451836
2.766448286516812 135.34023625467262
8.601104525765095 117.74567660674352
12.980261566650839 99.66013954212892
8.65684912642054 117.57238002578191
14.025985032469647 95.79332531546802
13.692756706146618 97.12121800411862
13.638887150203644 97.11530792653237
4.642305039281516 131.96415062525736
3.819211006539283 134.18295979499788
10.371317902402094 110.30772448185076
17.98333765453997 83.29085796771913
7.0324412868851445 123.97181893413364
14.203784430446193 95.05488341627384
8.553120237798662 118.07474893840687
8.967344356541753 116.32960329403204
4.703543146351765 131.8964815918522
12.279157167703007 102.4449316400976
13.689031589570236 97.01643792079297
7.548692498674505 121.9407723626896
4.836314417309783 131.50383958864424
4.740246210116528 131.79812154278656
10.746888733988445 108.83832497512849
4.50425695339669 132.3644592234834
9.047174229094823 115.90029860860712
3.052433413664367 135.36142286044242
2.990568123907969 135.39331609280237
16.50672225436948 87.36535759277656
9.49870622277866 114.01232075152059
2.5368079375666746 135.2935567423324
11.719484415485601 104.78352889343697
14.86032165953844 92.71152164019507
3.7998241419771532 134.152170236985
10.655039637532084 109.25076413693714
4.800061124952881 131.65355991178993
12.34348722558519 102.25928277526044
4.641134437005419 131.9921514346968
9.82047877509396 112.73364996790261
6.828321547065142 124.84289391256429
9.972784016300137 112.11674527906267
9.772133941626487 112.87115596646613
3.6833497357731266 134.4742263531562
17.53476286233939 84.42085544068587
6.541081761894721 125.75305078796379
11.10218993682957 107.21104091136274
6.476943162518141 126.07026354751368
14.624552996314188 93.6340258723525
8.219933012622215 119.41507767193255
7.214936620925715 123.3250411311583
6.21497511968563 127.02688806919569
9.118090355516168 115.70325824783049
12.647363090035832 101.05401372639952
9.991930387127988 112.01764123523628
18.12866090350382 82.94238757398237
7.504595650800073 122.08310693652159
6.218171904434732 127.03816624142988
15.422313765065555 90.93534993616157
10.472084907131606 109.98630396385263
9.206328794285366 115.25360949374897
10.780043312053598 108.69529567771195
6.641239012905304 125.5610213058076
9.431296180241146 114.36879771139128
14.918788300686568 92.62305277975337
6.1850308533292155 127.04640438209199
11.168101608453679 107.00386300608116
9.548274725825413 113.80614058755724
18.588556720383455 81.67408467761813
7.782134524841554 121.13180862898776
2.9308718301022596 135.43562032469524
6.838099457810466 124.78025546625004
8.320877428630014 118.96215238463313
8.365271869616416 118.79867062197232
6.69001150640431 125.29919920255163
3.480106386857164 134.75767357565022
7.888867959305415 120.6062428466037
9.781955034589107 112.80743355427529
3.8891482493239717 134.0191774781622
6.54541351058396 125.84716366164022
3.870807903196673 133.96991615618865
17.090988059738496 85.62289106860808
3.692368055708182 134.3076503606295
15.888271740932339 89.43174884247397
6.623669573410276 125.47854135683406
11.966486698418963 103.80038662471938
2.3239530741414263 134.6854617397986
13.90553057852689 96.1002206907198
10.683198085082852 108.98236925877492
16.36162896371942 87.834190079315
4.39054048615515 132.77338535042836
11.106214727588632 107.31021393483582
10.19485611262637 111.08033594174574
9.88940123577219 112.45863797077556
3.8879525441323977 133.93728385618556
7.641268409077403 121.56775999608324
2.7463974303302963 135.39159652875267
8.908149340644053 116.48169848787099
11.39251699040282 106.17431623851809
6.13221171782866 127.31464651960796
14.01936410599604 95.78497877821826
5.529449876229621 129.372127077088
18.581884807677376 81.78022834074534
5.075778801986595 130.82056169833342
8.803104695063842 116.96315671331293
5.878101537874833 128.20983973879282
10.483193662597932 109.98104180223353
12.680901625647543 100.89759005973062
7.97071178804105 120.28857679223269
14.585135435938074 93.76253988125791
18.944559244054883 80.7951632643762
8.325529662209066 118.8784012393134
13.295307578153844 98.52965674807653
6.7496242972476574 125.0213590399102
8.544619584203481 117.9700575431984
18.590045726478653 81.65633104105069
2.9916424116301275 135.30328287251604
9.535630140172847 113.7965031454908
6.519082243119261 125.93405830800207
14.125509117715781 95.38218198559368
6.916967355426422 124.4790509118504
7.252220043285583 123.1352731959901
6.169779986742378 127.08684123640656
11.913199842275647 103.88081196564501
7.902629039395539 120.57959206739235
14.176051041588568 95.24772833639628
5.914061399261192 128.0004766568464
10.72073071566061 108.8334422015662
8.780969906692034 117.1174740371989
9.56216951470885 113.69143236222553
11.848597164130055 104.27816429329852
12.212320460146943 102.75922015533949
9.097442492168842 115.693985412468
14.070599026416277 95.63615272692076
10.105071958585045 111.5524769877666
7.6372269697526365 121.71542571118103
11.475716116440337 105.68195922889876
17.787919911906638 83.85075344212667
8.533280350155682 118.11991089851985
5.4999108983945755 129.46262837354834
8.058474181884634 120.04567974775853
11.073008122755654 107.46664499218114
8.681201815904794 117.41545625667449
12.050131173589076 103.45916155744412
5.457380836633239 129.62298141651988
5.064491074438945 130.89166000560272
15.960027059118728 89.14428601911895
5.399013826745499 129.75456009258548
8.022705258736199 120.15545592835174
10.525950300933154 109.6994521030826
18.193083569032733 82.65528073487546
16.9471954382841 86.17821910498107
14.648034757705025 93.53971591397122
7.471751152271167 122.31946569591284
12.253178121456495 102.65384389078173
7.102490647354499 123.7793065944506
3.52408539410247 134.7727948996287
6.769502164431151 124.95355204721164
18.38475642491791 82.26041413806169
3.8157894661531695 134.1158278174134
7.399073399491214 122.63548609299848
5.894435861901659 128.12297465513672
8.608997506712063 117.67519911629444
6.292794157662203 126.79022382851194
12.78666684196215 100.4079454283616
6.416888404282107 126.23668187227653
3.8432718258560308 134.19601665669322
6.027231065172876 127.67338995358425
13.949750209573393 96.04703984667883
6.594305405515128 125.69793605025662
2.525833216060961 135.1490739452177
4.237714196869189 133.0907804133302
18.87309319469761 81.08025368059677
12.328440043794393 102.22233432022146
5.372933848569402 129.87088933961448
8.92902456096678 116.49173995358234
8.221776321006312 119.35876564464351
3.4148584467236023 134.86778480024165
14.326967168093777 94.6596916296971
18.16286642227907 82.86104455739985
9.915186222174711 112.35639042590705
3.206465163160868 135.27613445442498
9.140554993595996 115.62293144925728
12.10699747135886 103.12534194795305
4.617595446169971 132.04638914546746
7.365811126016662 122.70022841853685
9.016363456920258 115.99877690849566
17.927063421388052 83.39161382772791
11.921713502562785 103.8786662059211
3.997639148005013 133.8073262018172
8.039000042419476 120.12610016156654
7.041467410835374 123.8793812804483
13.020922566778006 99.57006936846042
10.62256973173153 109.3519375701643
6.422571288131802 126.20672499714158
9.774262356698273 112.84121387268405
11.626275339318255 105.18173361243889
7.564942539337452 122.03302278590535
10.241391455108834 110.88718800388962
8.88238308387795 116.55570379453661
5.880729409917753 128.08759302350117
15.91862519781771 89.17119054488776
3.417442096013869 134.9066548311528
16.29646751808737 88.16682471701823
10.558300024900028 109.6191055960389
11.016900375260782 107.69045438299202
3.911831790029431 133.912520163023
5.211210201583584 130.39705623034828
14.920167010033973 92.5973627884781
4.992935278907172 131.04013376799034
3.1098462526301685 135.17541924313656
3.383282750995067 135.01099147389255
8.680101449765262 117.40385782179494
12.956149240833943 99.87233818026618
10.450700344751855 110.10600828645191
4.000688827068086 133.72489059690227
3.576249642663009 134.70569741186756
14.981168395310611 92.29012990566929
13.555779591277501 97.53441347848207
4.9153979658783795 131.21059725631991
11.948816326994352 103.84390046398818
4.8602186360553725 131.36676717643135
6.712192078331806 125.13932901710693
10.973193207877369 107.89698437230645
12.709464321184322 100.71560943396223
7.765352250343742 121.18360248941845
10.310019964548845 110.69213327151421
5.184743664522536 130.3321660912813
4.766315782939059 131.76535128349008
8.179805286865271 119.53854138527656
17.253680965408922 85.21360033495918
14.90278798850919 92.68004721283289
14.162139083871747 95.27688701847666
10.006076465300028 111.87110383007368
11.459667939636557 105.88903612826911
15.046396435205478 92.21853642307909
12.873067695291715 100.05893058812774
3.4322176980766113 134.81335000476616
3.986225775813062 133.71560790730453
15.600828010832037 90.3563126097969
18.263440407699942 82.58944582100466
8.673618394226395 117.58220962543557
8.112749546616655 119.83500605252493
14.130369458366138 95.38750819974184
3.384827815932596 134.9132916585881
7.411489067365344 122.46339172873638
9.376976072488795 114.64401172034079
11.468184721529765 105.8538244821915
4.771304369572108 131.75227964044188
7.955555870305496 120.373269017018
13.024255401524977 99.56812808411779
9.218849035962826 115.1850683605249
6.020239447978504 127.70285411695711
6.528237393453701 125.92648040110114
18.35274955735101 82.27025482372999
13.66889723042136 96.90428194238888
6.441456224451325 126.23588860633957
7.518066421525725 122.16848895777383
16.26472702757174 88.2322272763178
10.000297852197532 111.98238278154126
7.505762611202422 122.09676983368429
8.814463179015737 116.93725485597996
7.473451387043738 122.23049180591498
10.119065598327355 111.40300302050196
10.892668777973816 108.2559544536933
7.668992433116819 121.62517077060174
17.09025448231214 85.76701911325408
10.994291623034073 107.68406391143773
4.710313649782874 131.89226890628635
13.505263680788628 97.7453088940086
9.381232902632364 114.59669168270986
11.060117970758947 107.54067986155249
5.630051956105121 129.02750476221317
19.20040815858947 80.17459280002633
8.998612444005515 116.15861260411701
7.483795349023015 122.32860057198195
6.707478973434398 125.1654427404976
11.171946386596062 106.9668973061305
9.586240739379164 113.60237471122811
5.081055877047242 130.68573605175567
7.212588652893703 123.3489672143253
3.155430350696384 135.30366718769045
14.938325392540797 92.57448371780553
6.798278169716019 124.93406529702106
9.516012927096165 113.9309346226589
3.0850754630329673 135.3952130330864
5.218261649560956 130.4407154195869
17.730260726195176 83.88558570014749
7.554145944478085 121.95547980878793
10.233723229798878 110.88523686531175
3.8707526247558577 134.07136550800257
17.59013391080184 84.4119927878653
10.310267091696021 110.66458575689587
5.546609604928015 129.2233971045841
6.736193066865553 125.19731626438708
12.567982728756784 101.2412515866694
4.063961050693434 133.6058514351818
10.486373018379814 109.94027975815598
12.504363356523113 101.5148568917157
5.203732654377712 130.33750708678232
13.20075933298264 98.88590706053665
9.179899196229474 115.41449959254119
4.094859357904868 133.44778950190397
16.100153874512063 88.70113859673816
4.757415043499291 131.65910784623102
9.413619565604396 114.45119882648288
6.064775401773394 127.59049119961294
14.115419046363499 95.34401899606115
13.264425529307356 98.67228941252458
7.974183534258116 120.38701567518025
4.878213134243544 131.37870065530913
9.942615774708228 112.21592322965337
8.4285031221621 118.5219439879132
17.30407617379644 85.16909984038679
6.140025097820852 127.20808281970356
18.780645790411242 81.29876149284756
16.525370729029227 87.42305167655826
9.868595211050673 112.52901199175459
17.609519084494014 84.33331287835688
14.69317214093599 93.38454619873684
7.036649211866956 124.0288946646539
9.113653512755919 115.75749103148353
14.757136970908029 93.18278073216179
5.158974026016525 130.43378789221194
5.539769125494179 129.33145372112764
9.246682836482357 115.17588421327957
10.860653065856386 108.3750970848838
7.63249565548649 121.76193770152213
11.611093928466465 105.22268781410365
10.516453855001771 109.81318475912538
16.123207975871367 88.57619921166669
15.33200153933079 91.18055779879991
14.535043023339309 93.93492740901846
7.717958466192139 121.37510969710682
6.687181250234546 125.3435531153748
17.46479934603695 84.70861758643635
3.3995474892199247 134.87702807289844
18.943933882305608 80.95886674732995
11.78032972045876 104.54842901259785
4.023076595598452 133.71246933338003
10.536760422752154 109.63777444470442
7.991978769925512 120.2346150000488
5.4927442111264675 129.4842830554921
11.212119375641015 106.87668178249218
17.480182620747907 84.67051002697706
7.543367038719779 122.11405416229834
5.965931826650431 127.9126754208423
16.588574927655642 87.11647656395184
9.666823959530362 113.40942385807682
6.67954892339439 125.36668593260484
10.097099376683303 111.49072542262411
15.284747707184641 91.3472914590905
5.965176658115428 127.77966788066664
10.427817411458701 110.10470260028238
12.922007194715443 99.83263793003594
11.911968888948872 103.99114737408819
2.9557639071019564 135.42693381632964
2.9403198911395623 135.4240021813452
16.63672257967305 87.06059319589582
17.133133903819434 85.68853752022989
7.829535072472974 120.96686351239354
18.515857636628695 81.99007674377744
10.26650581647407 110.87081519203544
12.62857934577973 101.11464437228327
4.574308915204436 132.29747998654514
4.864114400430225 131.40745038662695
5.641609182310113 128.9200049099608
6.11911840130359 127.36719422903465
19.25606431373961 80.23675701126957
15.020243619554424 92.2717517569434
17.61516606987391 84.28290230619824
14.223474480997831 95.07027080460385
16.083282634241268 88.78949166991579
10.03056494464831 111.91000342369054
8.570531515919498 117.97221562071634
4.843397861749368 131.49770040008863
7.857747627862281 120.81952791417636
2.8544525723140604 135.35916131345442
17.188841045202043 85.39772302511327
12.680784045152254 100.92836729994946
15.565798388054416 90.4436925772444
4.932829794572507 131.2605434476428
15.519662090881182 90.59349912494847
5.095490183513042 130.71741741805792
17.541247478681296 84.57847146981901
14.805798647391565 92.90419903831841
2.8696276749202507 135.3170837289721
17.148725285601696 85.57272685233049
9.553994028412585 113.90762935631213
8.477878605900216 118.40791570481316
14.491798373921874 94.08299468420235
8.982093424952904 116.17330034174485
15.372036137173327 91.0748144639794
8.247843812758129 119.27555155514446
12.76701321014799 100.56016626369988
5.3410123049017395 129.97242245242796
10.682383345898689 109.15365557574721
4.1044282511104475 133.50511158830528
15.579177591668694 90.39493628482698
9.423005194520307 114.3917876422103
9.44719608075662 114.29630502983527
16.59522915126066 87.10619859659468
8.307019058484055 118.98114642306162
5.251855853814242 130.1338643883937
8.258646650829634 119.22346206765651
8.356974120415758 118.81531442529565
13.288602368316356 98.45438270862353
9.839397788946409 112.67937776730861
4.940055792355937 131.21678078893413
2.926116063255234 135.4445039177657
9.7869246314519 112.77648632849854
11.289301085711713 106.57663263717463
7.1507803324480745 123.58651340906317
15.741453242661152 89.84239699702742
8.412312392014476 118.63822396376598
12.065880716745532 103.39518047157819
10.57414633784464 109.4976964907428
17.66466017464267 84.04966241226101
11.88279123701638 104.14772624496214
13.962067026588652 95.9847610799509
10.141351784593539 111.27951959868746
5.942629297474755 127.99668770339593
2.883936596875589 135.435467584049
10.00742603965745 111.95084922876764
9.908646977726592 112.40931259627293
14.54582088856226 93.99055949407582
2.480104255963079 135.03239979995527
7.109843590451426 123.67901511527758
4.758384562317739 131.79850093084337
7.655914464488258 121.64735265413094
14.910547260662842 92.65887785197478
9.13987344293747 115.50434558235794
7.5721274359743 122.00306098365277
7.942017985049348 120.50678405030861
13.965935737044235 95.97984381656526
8.11532799323014 119.78589254408
14.421755776932336 94.36446120541275
9.397047479248602 114.49857798952527
11.332884949655377 106.30216508654468
12.417078048140498 101.99493798778259
9.396346678685978 114.43363365216445
19.698184665123623 79.12295990104029
7.341322646668379 122.86173440703169
4.619628652256633 132.1293913689088
7.018067331470023 124.01981398687863
7.4492698656256335 122.31895820279789
6.724713360544624 125.21666012816665
16.199996363577295 88.30772057250493
8.161335264019165 119.59117778282042
12.279078087015911 102.43190187754918
14.152169714620822 95.34066362896132
2.3731443993798007 134.81927240014647
9.480593103559844 114.1908105144546
6.074270026767902 127.54232369775121
6.989365724463146 124.15756141420557
7.114730985021053 123.64811716067703
9.512738882596839 113.90151973046224
9.15469170694983 115.45526656373634
8.863220584752073 116.66404125678453
4.348999193116356 132.81874439524617
17.533187491809603 84.50918018293717
7.86489610576165 120.84381367692968
11.216449043259543 106.77864199607191
8.374282905803977 118.6579570698376
13.247767598784648 98.61898292698429
11.906195998790837 104.05745159591237
17.71494300521168 84.0563140210492
9.315612580908084 114.86906274479212
15.446699751681217 90.85621550005261
3.911626544430355 133.87006319048388
17.43136590449625 84.80214043777768
12.711745174685838 100.80026470536538
19.460378633671283 79.63537767005303
2.931264372065511 135.30390368933627
7.7910180954479396 121.00766497341206
8.26147378539333 119.08732088067397
12.053407819426793 103.32011090750645
14.601094126701193 93.69907860630097
9.220795877614897 115.17161732941989
3.456297767297455 134.88840971460266
12.429922416581517 101.85337697141709
10.933509790717663 108.09597587166094
6.639442528612253 125.5059459850414
9.140499324954423 115.5828444202938
4.603701957955728 132.18075164298887
2.9280483374123123 135.4010418132319
18.638230837768894 81.68912593593527
14.517294611762956 94.0334771521125
6.345604448612228 126.56489195835623
8.923396825490983 116.40491921398481
5.760819416100299 128.50285049658896
8.199074440865193 119.47106943657623
12.67209869653129 100.98955717368317
17.27583396314947 85.13586396847515
15.600952875074821 90.32611184233973
9.420209276017307 114.44210336735473
10.158399395607265 111.3100874364074
13.185191883513578 98.91520616546923
12.47591824148162 101.72936388445834
12.99692157824426 99.69044377905615
14.191899435603894 95.07637796689492
6.249259719147974 126.89577254218645
7.180282111144124 123.37636198829739
2.7235621015297027 135.41449777145453
11.786930876760593 104.50687370258335
5.626477717155437 128.9149102703408
4.5895629033973435 132.24235539460273
2.7055563200362593 135.40834380154604
8.558429569455361 117.97257037318505
8.383418285966641 118.73096217162619
10.905545923278567 108.20594913695899
5.747266182947642 128.63631625870337
7.416491441091868 122.47133424234123
6.297710687221812 126.75718257774632
6.787554932599288 124.86065617158756
8.618607370997307 117.73632493749908
14.082597439612437 95.56138125346509
18.593428506922734 81.72290009544699
8.796073797659762 116.90315427492585
11.899214006548512 103.95319625061336
11.574834392897424 105.37104578922715
2.293883315562882 134.7198628750276
3.890269946438312 134.03915694011488
9.928923890219314 112.30339927589448
4.654219169113798 132.0411614736717
8.95716479914881 116.34716846835047
9.363616118778614 114.58307312960575
9.612638080839004 113.61196780923596
3.4530910974624653 134.79489302215836
13.04968504510324 99.46764198379876
14.400893043033888 94.41762973165967
8.298608411197213 119.05708315983463
14.686076730339805 93.4390007026828
10.869166205875846 108.25551101310742
14.509754892569532 94.05895281377126
18.09061580926297 83.0376558567409
14.392204572806852 94.43792945625769
3.014416674011984 135.29873021583433
10.246650841068421 110.98527213436849
8.742613692379583 117.2786449816955
4.7838240909818905 131.58495472603678
4.440853102048741 132.53283361394173
5.415332542741977 129.73145191094358
9.081342808864914 115.81985355921101
13.903998910482075 96.21386712220422
17.04010692133948 85.88780247461233
2.5181094196596203 135.21429912828293
7.19083001805328 123.41033446429336
8.627266185966679 117.76928242726515
18.24905604693126 82.61657083528702
16.87705190936498 86.48214219652805
9.842518354480646 112.57174488288048
13.876665087201358 96.24417628624906
7.558724300046823 121.90679495957602
9.055053683082155 115.83432943078115
14.514547598421714 93.9150218538301
8.096782531570685 119.7963725232596
14.222679511985442 95.10027941447382
3.4489085355299687 134.92695948286843
4.398133402718677 132.7015184128102
3.6539452471329135 134.5277644132247
9.893875537805275 112.46246634116697
5.587142098938651 129.17695902100732
5.952250347515081 127.84599673807892
13.804691256590099 96.64680555687453
19.55637114191735 79.52572220384153
4.539365396727568 132.2438828010652
16.68272256671458 86.84109256944441
2.6594968273790287 135.29146271734353
3.8709572200203355 134.1306239516289
9.092681522645034 115.71398951000877
8.935408245379099 116.48302880962864
10.454896823844745 110.00268662994206
4.325235056443139 132.95933476944037
12.307886348896831 102.40858429340835
3.659695635713863 134.56168269092686
3.8181280693669732 134.11211769784487
14.329951423496308 94.56185139154046
5.825380993099309 128.31201830401466
13.786616116911796 96.53151100454593
4.810036997549784 131.52748975322447
12.19351590518371 102.90852660060503
8.06659243873629 119.8647559887198
10.498188817620902 109.78699220185278
6.028462018499653 127.71822672393427
5.105694713754543 130.62261474791455
10.08829644756705 111.60138355727146
16.247321992663046 88.25729152365521
11.45676900813326 105.90235905431598
